# Description: 
# Tx_Dipole Tx_Period(s) Tx_Moment(Am) Tx_Azi Tx_Dip Tx_X(m) Tx_Y(x) Tx_Z(m) Code X(m) Y(x) Z(m) Component Real Imag, Error
> Ex_Field
> exp(+i\omega t)
> [V/m]
> 0
> 0.000000 0.000000
> 2 29
Electric      1.000000E-03  1.00          0.00          0.00          0.000         0.000         0.000         Line_1_1      0.000         -15000.000    0.000         Ex_Field     0.0000E+0    0.0000E+0    1.000000E-12
Electric      1.000000E-03  1.00          0.00          0.00          0.000         0.000         0.000         Line_1_2      0.000         -14000.000    0.000         Ex_Field     0.0000E+0    0.0000E+0    1.000000E-12
Electric      1.000000E-03  1.00          0.00          0.00          0.000         0.000         0.000         Line_1_3      0.000         -13000.000    0.000         Ex_Field     0.0000E+0    0.0000E+0    1.000000E-12
Electric      1.000000E-03  1.00          0.00          0.00          0.000         0.000         0.000         Line_1_4      0.000         -12000.000    0.000         Ex_Field     0.0000E+0    0.0000E+0    1.000000E-12
Electric      1.000000E-03  1.00          0.00          0.00          0.000         0.000         0.000         Line_1_5      0.000         -11000.000    0.000         Ex_Field     0.0000E+0    0.0000E+0    1.000000E-12
Electric      1.000000E-03  1.00          0.00          0.00          0.000         0.000         0.000         Line_1_6      0.000         -10000.000    0.000         Ex_Field     0.0000E+0    0.0000E+0    1.000000E-12
Electric      1.000000E-03  1.00          0.00          0.00          0.000         0.000         0.000         Line_1_7      0.000         -9000.000     0.000         Ex_Field     0.0000E+0    0.0000E+0    1.000000E-12
Electric      1.000000E-03  1.00          0.00          0.00          0.000         0.000         0.000         Line_1_8      0.000         -8000.000     0.000         Ex_Field     0.0000E+0    0.0000E+0    1.000000E-12
Electric      1.000000E-03  1.00          0.00          0.00          0.000         0.000         0.000         Line_1_9      0.000         -7000.000     0.000         Ex_Field     0.0000E+0    0.0000E+0    1.000000E-12
Electric      1.000000E-03  1.00          0.00          0.00          0.000         0.000         0.000         Line_1_10     0.000         -6000.000     0.000         Ex_Field     0.0000E+0    0.0000E+0    1.000000E-12
Electric      1.000000E-03  1.00          0.00          0.00          0.000         0.000         0.000         Line_1_11     0.000         -5000.000     0.000         Ex_Field     0.0000E+0    0.0000E+0    1.000000E-12
Electric      1.000000E-03  1.00          0.00          0.00          0.000         0.000         0.000         Line_1_12     0.000         -4000.000     0.000         Ex_Field     0.0000E+0    0.0000E+0    1.000000E-12
Electric      1.000000E-03  1.00          0.00          0.00          0.000         0.000         0.000         Line_1_13     0.000         -3000.000     0.000         Ex_Field     0.0000E+0    0.0000E+0    1.000000E-12
Electric      1.000000E-03  1.00          0.00          0.00          0.000         0.000         0.000         Line_1_14     0.000         -2000.000     0.000         Ex_Field     0.0000E+0    0.0000E+0    1.000000E-12
Electric      1.000000E-03  1.00          0.00          0.00          0.000         0.000         0.000         Line_1_15     0.000         -1000.000     0.000         Ex_Field     0.0000E+0    0.0000E+0    1.000000E-12
Electric      1.000000E-03  1.00          0.00          0.00          0.000         0.000         0.000         Line_1_17     0.000         1000.000      0.000         Ex_Field     0.0000E+0    0.0000E+0    1.000000E-12
Electric      1.000000E-03  1.00          0.00          0.00          0.000         0.000         0.000         Line_1_18     0.000         2000.000      0.000         Ex_Field     0.0000E+0    0.0000E+0    1.000000E-12
Electric      1.000000E-03  1.00          0.00          0.00          0.000         0.000         0.000         Line_1_19     0.000         3000.000      0.000         Ex_Field     0.0000E+0    0.0000E+0    1.000000E-12
Electric      1.000000E-03  1.00          0.00          0.00          0.000         0.000         0.000         Line_1_20     0.000         4000.000      0.000         Ex_Field     0.0000E+0    0.0000E+0    1.000000E-12
Electric      1.000000E-03  1.00          0.00          0.00          0.000         0.000         0.000         Line_1_21     0.000         5000.000      0.000         Ex_Field     0.0000E+0    0.0000E+0    1.000000E-12
Electric      1.000000E-03  1.00          0.00          0.00          0.000         0.000         0.000         Line_1_22     0.000         6000.000      0.000         Ex_Field     0.0000E+0    0.0000E+0    1.000000E-12
Electric      1.000000E-03  1.00          0.00          0.00          0.000         0.000         0.000         Line_1_23     0.000         7000.000      0.000         Ex_Field     0.0000E+0    0.0000E+0    1.000000E-12
Electric      1.000000E-03  1.00          0.00          0.00          0.000         0.000         0.000         Line_1_24     0.000         8000.000      0.000         Ex_Field     0.0000E+0    0.0000E+0    1.000000E-12
Electric      1.000000E-03  1.00          0.00          0.00          0.000         0.000         0.000         Line_1_25     0.000         9000.000      0.000         Ex_Field     0.0000E+0    0.0000E+0    1.000000E-12
Electric      1.000000E-03  1.00          0.00          0.00          0.000         0.000         0.000         Line_1_26     0.000         10000.000     0.000         Ex_Field     0.0000E+0    0.0000E+0    1.000000E-12
Electric      1.000000E-03  1.00          0.00          0.00          0.000         0.000         0.000         Line_1_27     0.000         11000.000     0.000         Ex_Field     0.0000E+0    0.0000E+0    1.000000E-12
Electric      1.000000E-03  1.00          0.00          0.00          0.000         0.000         0.000         Line_1_28     0.000         12000.000     0.000         Ex_Field     0.0000E+0    0.0000E+0    1.000000E-12
Electric      1.000000E-03  1.00          0.00          0.00          0.000         0.000         0.000         Line_1_29     0.000         13000.000     0.000         Ex_Field     0.0000E+0    0.0000E+0    1.000000E-12
Electric      1.000000E-03  1.00          0.00          0.00          0.000         0.000         0.000         Line_1_30     0.000         14000.000     0.000         Ex_Field     0.0000E+0    0.0000E+0    1.000000E-12
Electric      2.154000E-03  1.00          0.00          0.00          0.000         0.000         0.000         Line_1_1      0.000         -15000.000    0.000         Ex_Field     0.0000E+0    0.0000E+0    1.000000E-12
Electric      2.154000E-03  1.00          0.00          0.00          0.000         0.000         0.000         Line_1_2      0.000         -14000.000    0.000         Ex_Field     0.0000E+0    0.0000E+0    1.000000E-12
Electric      2.154000E-03  1.00          0.00          0.00          0.000         0.000         0.000         Line_1_3      0.000         -13000.000    0.000         Ex_Field     0.0000E+0    0.0000E+0    1.000000E-12
Electric      2.154000E-03  1.00          0.00          0.00          0.000         0.000         0.000         Line_1_4      0.000         -12000.000    0.000         Ex_Field     0.0000E+0    0.0000E+0    1.000000E-12
Electric      2.154000E-03  1.00          0.00          0.00          0.000         0.000         0.000         Line_1_5      0.000         -11000.000    0.000         Ex_Field     0.0000E+0    0.0000E+0    1.000000E-12
Electric      2.154000E-03  1.00          0.00          0.00          0.000         0.000         0.000         Line_1_6      0.000         -10000.000    0.000         Ex_Field     0.0000E+0    0.0000E+0    1.000000E-12
Electric      2.154000E-03  1.00          0.00          0.00          0.000         0.000         0.000         Line_1_7      0.000         -9000.000     0.000         Ex_Field     0.0000E+0    0.0000E+0    1.000000E-12
Electric      2.154000E-03  1.00          0.00          0.00          0.000         0.000         0.000         Line_1_8      0.000         -8000.000     0.000         Ex_Field     0.0000E+0    0.0000E+0    1.000000E-12
Electric      2.154000E-03  1.00          0.00          0.00          0.000         0.000         0.000         Line_1_9      0.000         -7000.000     0.000         Ex_Field     0.0000E+0    0.0000E+0    1.000000E-12
Electric      2.154000E-03  1.00          0.00          0.00          0.000         0.000         0.000         Line_1_10     0.000         -6000.000     0.000         Ex_Field     0.0000E+0    0.0000E+0    1.000000E-12
Electric      2.154000E-03  1.00          0.00          0.00          0.000         0.000         0.000         Line_1_11     0.000         -5000.000     0.000         Ex_Field     0.0000E+0    0.0000E+0    1.000000E-12
Electric      2.154000E-03  1.00          0.00          0.00          0.000         0.000         0.000         Line_1_12     0.000         -4000.000     0.000         Ex_Field     0.0000E+0    0.0000E+0    1.000000E-12
Electric      2.154000E-03  1.00          0.00          0.00          0.000         0.000         0.000         Line_1_13     0.000         -3000.000     0.000         Ex_Field     0.0000E+0    0.0000E+0    1.000000E-12
Electric      2.154000E-03  1.00          0.00          0.00          0.000         0.000         0.000         Line_1_14     0.000         -2000.000     0.000         Ex_Field     0.0000E+0    0.0000E+0    1.000000E-12
Electric      2.154000E-03  1.00          0.00          0.00          0.000         0.000         0.000         Line_1_15     0.000         -1000.000     0.000         Ex_Field     0.0000E+0    0.0000E+0    1.000000E-12
Electric      2.154000E-03  1.00          0.00          0.00          0.000         0.000         0.000         Line_1_17     0.000         1000.000      0.000         Ex_Field     0.0000E+0    0.0000E+0    1.000000E-12
Electric      2.154000E-03  1.00          0.00          0.00          0.000         0.000         0.000         Line_1_18     0.000         2000.000      0.000         Ex_Field     0.0000E+0    0.0000E+0    1.000000E-12
Electric      2.154000E-03  1.00          0.00          0.00          0.000         0.000         0.000         Line_1_19     0.000         3000.000      0.000         Ex_Field     0.0000E+0    0.0000E+0    1.000000E-12
Electric      2.154000E-03  1.00          0.00          0.00          0.000         0.000         0.000         Line_1_20     0.000         4000.000      0.000         Ex_Field     0.0000E+0    0.0000E+0    1.000000E-12
Electric      2.154000E-03  1.00          0.00          0.00          0.000         0.000         0.000         Line_1_21     0.000         5000.000      0.000         Ex_Field     0.0000E+0    0.0000E+0    1.000000E-12
Electric      2.154000E-03  1.00          0.00          0.00          0.000         0.000         0.000         Line_1_22     0.000         6000.000      0.000         Ex_Field     0.0000E+0    0.0000E+0    1.000000E-12
Electric      2.154000E-03  1.00          0.00          0.00          0.000         0.000         0.000         Line_1_23     0.000         7000.000      0.000         Ex_Field     0.0000E+0    0.0000E+0    1.000000E-12
Electric      2.154000E-03  1.00          0.00          0.00          0.000         0.000         0.000         Line_1_24     0.000         8000.000      0.000         Ex_Field     0.0000E+0    0.0000E+0    1.000000E-12
Electric      2.154000E-03  1.00          0.00          0.00          0.000         0.000         0.000         Line_1_25     0.000         9000.000      0.000         Ex_Field     0.0000E+0    0.0000E+0    1.000000E-12
Electric      2.154000E-03  1.00          0.00          0.00          0.000         0.000         0.000         Line_1_26     0.000         10000.000     0.000         Ex_Field     0.0000E+0    0.0000E+0    1.000000E-12
Electric      2.154000E-03  1.00          0.00          0.00          0.000         0.000         0.000         Line_1_27     0.000         11000.000     0.000         Ex_Field     0.0000E+0    0.0000E+0    1.000000E-12
Electric      2.154000E-03  1.00          0.00          0.00          0.000         0.000         0.000         Line_1_28     0.000         12000.000     0.000         Ex_Field     0.0000E+0    0.0000E+0    1.000000E-12
Electric      2.154000E-03  1.00          0.00          0.00          0.000         0.000         0.000         Line_1_29     0.000         13000.000     0.000         Ex_Field     0.0000E+0    0.0000E+0    1.000000E-12
Electric      2.154000E-03  1.00          0.00          0.00          0.000         0.000         0.000         Line_1_30     0.000         14000.000     0.000         Ex_Field     0.0000E+0    0.0000E+0    1.000000E-12