# Synthetic 3D MT data written in Matlab
# Period(s) Code GG_Lat GG_Lon X(m) Y(m) Z(m) Component Real Imag Error
> Full_Impedance
> exp(-i\omega t)
> [V/m]/[T]
> 0.00
> 0.000 0.000
> 4 198
1.000000E+00 006-006    0.000    0.000    41000.000    39375.000        0.000 ZXX   -1.700416E+03    3.455034E+02    6.167116E+02
1.000000E+00 006-006    0.000    0.000    41000.000    39375.000        0.000 ZXY    1.056768E+04   -1.259106E+04    6.167116E+02
1.000000E+00 006-006    0.000    0.000    41000.000    39375.000        0.000 ZYX   -1.761286E+04    1.617083E+04    6.167116E+02
1.000000E+00 006-006    0.000    0.000    41000.000    39375.000        0.000 ZYY    2.497673E+03   -1.202580E+03    6.167116E+02
1.000000E+01 006-006    0.000    0.000    41000.000    39375.000        0.000 ZXX   -9.602744E+02    3.031632E+02    1.981138E+02
1.000000E+01 006-006    0.000    0.000    41000.000    39375.000        0.000 ZXY    3.743773E+03   -3.790398E+03    1.981138E+02
1.000000E+01 006-006    0.000    0.000    41000.000    39375.000        0.000 ZYX   -6.208288E+03    5.470545E+03    1.981138E+02
1.000000E+01 006-006    0.000    0.000    41000.000    39375.000        0.000 ZYY    2.279075E+03   -1.333596E+03    1.981138E+02
1.000000E+02 006-006    0.000    0.000    41000.000    39375.000        0.000 ZXX   -3.273543E+02    2.873003E+02    6.692418E+01
1.000000E+02 006-006    0.000    0.000    41000.000    39375.000        0.000 ZXY    1.214087E+03   -1.185472E+03    6.692418E+01
1.000000E+02 006-006    0.000    0.000    41000.000    39375.000        0.000 ZYX   -2.042310E+03    1.970054E+03    6.692418E+01
1.000000E+02 006-006    0.000    0.000    41000.000    39375.000        0.000 ZYY    7.851266E+02   -5.859109E+02    6.692418E+01
1.000000E+03 006-006    0.000    0.000    41000.000    39375.000        0.000 ZXX   -9.865688E+01    5.656899E+01    2.188710E+01
1.000000E+03 006-006    0.000    0.000    41000.000    39375.000        0.000 ZXY    3.992417E+02   -4.176646E+02    2.188710E+01
1.000000E+03 006-006    0.000    0.000    41000.000    39375.000        0.000 ZYX   -6.154311E+02    6.353897E+02    2.188710E+01
1.000000E+03 006-006    0.000    0.000    41000.000    39375.000        0.000 ZYY    2.660927E+02   -2.630939E+02    2.188710E+01
# Synthetic 3D MT data written in Matlab
# Period(s) Code GG_Lat GG_Lon X(m) Y(m) Z(m) Component Real Imag Error
> Full_Vertical_Components
> exp(-i\omega t)
> []
> 0.00
> 0.000 0.000
> 4 198
1.000000E+00 006-006    0.000    0.000    41000.000    39375.000        0.000 TX     1.000459E-02    4.543355E-02    3.000000E-02
1.000000E+00 006-006    0.000    0.000    41000.000    39375.000        0.000 TY    -1.564802E-01   -5.369802E-02    3.000000E-02
1.000000E+01 006-006    0.000    0.000    41000.000    39375.000        0.000 TX     2.935435E-02   -1.236879E-02    3.000000E-02
1.000000E+01 006-006    0.000    0.000    41000.000    39375.000        0.000 TY    -1.518743E-01    1.914095E-02    3.000000E-02
1.000000E+02 006-006    0.000    0.000    41000.000    39375.000        0.000 TX     4.302333E-02    2.372856E-02    3.000000E-02
1.000000E+02 006-006    0.000    0.000    41000.000    39375.000        0.000 TY    -7.850730E-02    4.506281E-02    3.000000E-02
1.000000E+03 006-006    0.000    0.000    41000.000    39375.000        0.000 TX     2.293839E-03    6.543278E-03    3.000000E-02
1.000000E+03 006-006    0.000    0.000    41000.000    39375.000        0.000 TY     1.230398E-02   -5.458732E-03    3.000000E-02
1.000000E+00 006-007    0.000    0.000    41000.000    40625.000        0.000 TX    -1.060391E-01   -4.212344E-02    3.000000E-02
1.000000E+00 006-007    0.000    0.000    41000.000    40625.000        0.000 TY    -1.155982E-01   -3.102367E-02    3.000000E-02
1.000000E+01 006-007    0.000    0.000    41000.000    40625.000        0.000 TX    -2.040329E-01    6.852824E-02    3.000000E-02
1.000000E+01 006-007    0.000    0.000    41000.000    40625.000        0.000 TY    -1.351203E-01   -9.251183E-03    3.000000E-02
1.000000E+02 006-007    0.000    0.000    41000.000    40625.000        0.000 TX    -1.304788E-01    6.660164E-02    3.000000E-02
1.000000E+02 006-007    0.000    0.000    41000.000    40625.000        0.000 TY    -3.126651E-02    1.108164E-01    3.000000E-02
1.000000E+03 006-007    0.000    0.000    41000.000    40625.000        0.000 TX    -1.456324E-02    1.401124E-02    3.000000E-02
1.000000E+03 006-007    0.000    0.000    41000.000    40625.000        0.000 TY    -6.530934E-02    1.584732E-02    3.000000E-02
1.000000E+00 006-008    0.000    0.000    41000.000    41875.000        0.000 TX    -1.661122E-01   -3.095616E-02    3.000000E-02
1.000000E+00 006-008    0.000    0.000    41000.000    41875.000        0.000 TY    -2.405621E-02    5.858622E-03    3.000000E-02
1.000000E+01 006-008    0.000    0.000    41000.000    41875.000        0.000 TX    -1.655303E-01    5.485785E-02    3.000000E-02
1.000000E+01 006-008    0.000    0.000    41000.000    41875.000        0.000 TY    -9.563069E-02   -4.029793E-04    3.000000E-02
1.000000E+02 006-008    0.000    0.000    41000.000    41875.000        0.000 TX    -1.618248E-01    3.840821E-02    3.000000E-02
1.000000E+02 006-008    0.000    0.000    41000.000    41875.000        0.000 TY    -4.753449E-02    8.540200E-02    3.000000E-02
1.000000E+03 006-008    0.000    0.000    41000.000    41875.000        0.000 TX    -7.679669E-02    3.561309E-02    3.000000E-02
1.000000E+03 006-008    0.000    0.000    41000.000    41875.000        0.000 TY    -2.855925E-03   -3.579109E-02    3.000000E-02
1.000000E+00 006-009    0.000    0.000    41000.000    43750.000        0.000 TX    -1.620123E-01   -7.008362E-02    3.000000E-02
1.000000E+00 006-009    0.000    0.000    41000.000    43750.000        0.000 TY    -8.426843E-03   -2.654600E-02    3.000000E-02
1.000000E+01 006-009    0.000    0.000    41000.000    43750.000        0.000 TX    -1.660928E-01   -1.977668E-02    3.000000E-02
1.000000E+01 006-009    0.000    0.000    41000.000    43750.000        0.000 TY    -5.028803E-02   -2.165901E-02    3.000000E-02
1.000000E+02 006-009    0.000    0.000    41000.000    43750.000        0.000 TX    -1.062176E-01    4.790219E-02    3.000000E-02
1.000000E+02 006-009    0.000    0.000    41000.000    43750.000        0.000 TY     3.319208E-03   -2.278952E-02    3.000000E-02
1.000000E+03 006-009    0.000    0.000    41000.000    43750.000        0.000 TX     2.291211E-03    1.181838E-03    3.000000E-02
1.000000E+03 006-009    0.000    0.000    41000.000    43750.000        0.000 TY    -4.178149E-02   -1.983447E-02    3.000000E-02
1.000000E+00 006-010    0.000    0.000    41000.000    47500.000        0.000 TX    -1.276209E-01   -5.771104E-02    3.000000E-02
1.000000E+00 006-010    0.000    0.000    41000.000    47500.000        0.000 TY     4.311348E-02   -2.518459E-02    3.000000E-02
1.000000E+01 006-010    0.000    0.000    41000.000    47500.000        0.000 TX    -2.540696E-01    3.085452E-02    3.000000E-02
1.000000E+01 006-010    0.000    0.000    41000.000    47500.000        0.000 TY    -3.270951E-02    5.189989E-02    3.000000E-02
1.000000E+04 006-010    0.000    0.000    41000.000    47500.000        0.000 TX    -2.540696E-01    3.085452E-02    3.000000E-02
1.000000E+04 006-010    0.000    0.000    41000.000    47500.000        0.000 TY    -3.270951E-02    5.189989E-02    3.000000E-02
