# Written by Matlab write_WS3d_model script
7 6 4 0 LOGE
1000 500 500 500 500 500 1000 
1000 500 500 500 500 1000 
500 1000 1000 1000 

  4.60517E+00  4.60517E+00  4.60517E+00  4.60517E+00  4.60517E+00  4.60517E+00  4.60517E+00
  4.60517E+00  4.60517E+00  4.60517E+00  4.60517E+00  4.60517E+00  4.60517E+00  4.60517E+00
  4.60517E+00  4.60517E+00  2.30259E+00  2.30259E+00  2.30259E+00  4.60517E+00  4.60517E+00
  4.60517E+00  4.60517E+00  2.30259E+00  2.30259E+00  2.30259E+00  4.60517E+00  4.60517E+00
  4.60517E+00  4.60517E+00  4.60517E+00  4.60517E+00  4.60517E+00  4.60517E+00  4.60517E+00
  4.60517E+00  4.60517E+00  4.60517E+00  4.60517E+00  4.60517E+00  4.60517E+00  4.60517E+00

  4.60517E+00  4.60517E+00  4.60517E+00  4.60517E+00  4.60517E+00  4.60517E+00  4.60517E+00
  4.60517E+00  4.60517E+00  4.60517E+00  4.60517E+00  4.60517E+00  4.60517E+00  4.60517E+00
  4.60517E+00  4.60517E+00  1.60944E+00  1.60944E+00  1.60944E+00  4.60517E+00  4.60517E+00
  4.60517E+00  4.60517E+00  1.60944E+00  1.60944E+00  1.60944E+00  4.60517E+00  4.60517E+00
  4.60517E+00  4.60517E+00  4.60517E+00  4.60517E+00  4.60517E+00  4.60517E+00  4.60517E+00
  4.60517E+00  4.60517E+00  4.60517E+00  4.60517E+00  4.60517E+00  4.60517E+00  4.60517E+00

  4.60517E+00  4.60517E+00  4.60517E+00  4.60517E+00  4.60517E+00  4.60517E+00  4.60517E+00
  4.60517E+00  4.60517E+00  4.60517E+00  4.60517E+00  4.60517E+00  4.60517E+00  4.60517E+00
  4.60517E+00  4.60517E+00  4.60517E+00  4.60517E+00  4.60517E+00  4.60517E+00  4.60517E+00
  4.60517E+00  4.60517E+00  4.60517E+00  4.60517E+00  4.60517E+00  4.60517E+00  4.60517E+00
  4.60517E+00  4.60517E+00  4.60517E+00  4.60517E+00  4.60517E+00  4.60517E+00  4.60517E+00
  4.60517E+00  4.60517E+00  4.60517E+00  4.60517E+00  4.60517E+00  4.60517E+00  4.60517E+00

  4.60517E+00  4.60517E+00  4.60517E+00  4.60517E+00  4.60517E+00  4.60517E+00  4.60517E+00
  4.60517E+00  4.60517E+00  4.60517E+00  4.60517E+00  4.60517E+00  4.60517E+00  4.60517E+00
  4.60517E+00  4.60517E+00  4.60517E+00  4.60517E+00  4.60517E+00  4.60517E+00  4.60517E+00
  4.60517E+00  4.60517E+00  4.60517E+00  4.60517E+00  4.60517E+00  4.60517E+00  4.60517E+00
  4.60517E+00  4.60517E+00  4.60517E+00  4.60517E+00  4.60517E+00  4.60517E+00  4.60517E+00
  4.60517E+00  4.60517E+00  4.60517E+00  4.60517E+00  4.60517E+00  4.60517E+00  4.60517E+00
0 0 0
0
