 # 3D MT model written by ModEM in WS format
   21   28   11    0 LOGE
   20000.000   10000.000    5000.000    3000.000    2000.000    2000.000    2500.000    4500.000    4500.000    4500.000    4000.000    4500.000    4500.000    4500.000    2500.000    2000.000    2000.000    3000.000    5000.000   10000.000   20000.000
   20000.000   10000.000    5000.000    2500.000    1250.000    1250.000    1250.000    1250.000    2500.000    5000.000    5000.000    2500.000    1250.000    1250.000    1250.000    1250.000    2500.000    5000.000    5000.000    2500.000    1250.000    1250.000    1250.000    1250.000    2500.000    5000.000   10000.000   20000.000
     500.000    1000.000    1500.000    3000.000    4000.000    5000.000    5000.000   10000.000   10000.000   20000.000   40000.000

  3.73228E+04  3.51670E+04  5.08507E+04  7.06002E+04  7.44240E+04  9.86336E+04  1.50395E+05  3.06832E+05  3.13361E+05  3.15303E+05  2.85213E+05  3.19327E+05  3.17192E+05  3.07142E+05  1.51013E+05  9.92666E+04  7.51365E+04  7.18026E+04  5.26791E+04  3.61074E+04  3.69408E+04
  7.30256E+04  1.09652E+05  3.61570E+05  5.38211E+05  6.31174E+05  9.54997E+05  1.47544E+06  2.75251E+06  2.71519E+06  2.68109E+06  2.45446E+06  2.73485E+06  2.77578E+06  2.78320E+06  1.51160E+06  9.76802E+05  6.44745E+05  5.51340E+05  3.74588E+05  1.14496E+05  7.24992E+04
  1.02414E+05  4.54697E+05  7.72655E+05  9.06657E+04 -3.69793E+05  1.01194E+06  1.57555E+06  1.89914E+06  2.58798E+06  2.52103E+06  2.61049E+06  2.66318E+06  2.76375E+06  2.02551E+06  1.85157E+06  1.10395E+06 -3.77376E+05  6.27907E+04  7.56144E+05  4.47722E+05  1.00513E+05
  8.52494E+04  5.47230E+05  7.79414E+05 -2.41386E+06 -9.93250E+06 -7.08378E+06 -1.20577E+07 -2.14964E+07 -1.63527E+07 -1.67825E+07 -1.42806E+07 -1.67124E+07 -1.61820E+07 -2.12588E+07 -1.11324E+07 -6.97075E+06 -1.01758E+07 -2.59466E+06  7.09313E+05  5.30859E+05  8.30536E+04
  5.16666E+04  3.89336E+05  7.86599E+05 -2.15259E+06 -3.03577E+07 -3.13316E+07 -5.14322E+07 -7.59905E+07 -6.18715E+07 -6.34125E+07 -5.61286E+07 -6.36132E+07 -6.18466E+07 -7.56684E+07 -4.96941E+07 -3.11568E+07 -3.08362E+07 -2.39937E+06  7.25824E+05  3.78333E+05  5.02893E+04
  5.69571E+04  4.63069E+05  1.29567E+06  2.79044E+06  2.20624E+07  1.51480E+08  1.71229E+08  2.09728E+08  1.88003E+08  1.87632E+08  1.74731E+08  1.88969E+08  1.86429E+08  2.10490E+08  1.73938E+08  1.46342E+08  1.83161E+07  2.31937E+06  1.22733E+06  4.51560E+05  5.54390E+04
  6.08698E+04  5.05219E+05  1.30481E+06 -3.59073E+05 -2.29074E+07  4.40695E+07  1.68333E+07  3.50765E+06  7.75972E+06  7.66927E+06  1.60515E+07  1.39836E+07  1.32497E+07  2.77858E+06  1.91749E+07  4.72019E+07 -2.10159E+07 -3.12448E+05  1.27481E+06  4.95332E+05  5.92708E+04
  6.32095E+04  5.20522E+05  1.29248E+06  9.16491E+04 -6.92408E+06  6.32164E+07  5.10724E+07  4.98939E+07  5.22268E+07  5.11346E+07  5.02495E+07  4.86483E+07  4.81678E+07  4.55382E+07  4.93712E+07  6.46490E+07 -6.92097E+06  1.23554E+05  1.28182E+06  5.12442E+05  6.15701E+04
  1.29024E+05  1.02717E+06  2.33487E+06 -1.15976E+06 -2.10666E+07  4.97162E+07  3.48926E+07  2.24000E+07  2.65117E+07  2.64126E+07  3.10604E+07  2.80578E+07  3.09159E+07  2.05209E+07  3.24636E+07  5.27209E+07 -2.03635E+07 -9.13490E+05  2.35951E+06  1.01566E+06  1.25725E+05
  2.46066E+05  1.84676E+06  4.23462E+06 -3.94890E+03 -2.11289E+07  6.37442E+07  5.09059E+07  3.81803E+07  4.54965E+07  4.41548E+07  4.84438E+07  4.55912E+07  4.58281E+07  3.56436E+07  5.01030E+07  6.61359E+07 -2.03089E+07  1.66921E+05  4.22683E+06  1.82088E+06  2.39834E+05
  2.55049E+05  2.26816E+06  5.89105E+06  2.73979E+06 -1.73664E+07  6.88564E+07  5.30043E+07  4.13809E+07  5.12223E+07  4.98891E+07  5.29713E+07  4.99661E+07  5.11323E+07  4.10251E+07  5.33297E+07  6.85636E+07 -1.80778E+07  2.47111E+06  5.75251E+06  2.22893E+06  2.51638E+05
  1.48149E+05  1.65522E+06  4.50338E+06  1.91033E+06 -1.59744E+07  5.78423E+07  3.21382E+07  1.88592E+07  3.28532E+07  2.98867E+07  3.35095E+07  3.06631E+07  2.99103E+07  1.68696E+07  3.34426E+07  5.77619E+07 -1.51798E+07  1.86775E+06  4.41536E+06  1.63935E+06  1.48723E+05
  7.77453E+04  9.66567E+05  2.71800E+06  9.70676E+05 -9.70528E+06  5.70262E+07  2.19865E+07  3.27640E+06  1.50271E+07  1.65509E+07  1.95076E+07  1.59875E+07  1.70548E+07  5.02472E+06  1.99949E+07  5.60347E+07 -8.80966E+06  8.39739E+05  2.64227E+06  9.58223E+05  7.86079E+04
  7.85901E+04  1.04011E+06  2.97169E+06 -1.49054E+05 -3.55722E+07  1.63689E+07 -8.19224E+07 -1.36807E+08 -1.07711E+08 -1.16013E+08 -9.85758E+07 -1.14001E+08 -1.08764E+08 -1.38211E+08 -8.42360E+07  1.55828E+07 -4.02922E+07 -8.29951E+05  2.85405E+06  1.03139E+06  7.98283E+04
  7.72738E+04  1.08109E+06  3.32729E+06  4.50148E+06  1.69390E+07  2.57112E+08  2.54017E+08  3.31815E+08  3.18364E+08  3.27435E+08  3.08648E+08  3.30860E+08  3.23807E+08  3.34988E+08  2.47714E+08  2.63627E+08  1.52139E+07  4.07821E+06  3.21951E+06  1.07374E+06  7.88773E+04
  7.33744E+04  1.05805E+06  2.90900E+06 -2.84806E+05 -2.98363E+07  2.04961E+08  1.94278E+08  2.27473E+08  2.32971E+08  2.47711E+08  2.35005E+08  2.42474E+08  2.32281E+08  2.38317E+08  1.94226E+08  2.15914E+08 -2.78745E+07 -3.06726E+05  2.82284E+06  1.05248E+06  7.53070E+04
  1.28740E+05  1.91378E+06  4.03420E+06 -1.08291E+07 -9.59460E+07  1.80970E+08  1.12606E+08  8.95983E+07  1.12615E+08  1.01044E+08  1.03981E+08  1.10067E+08  1.06250E+08  8.67362E+07  9.82932E+07  1.82763E+08 -9.91485E+07 -1.17505E+07  3.80873E+06  1.90665E+06  1.33460E+05
  1.68670E+05  2.87447E+06  5.35773E+06 -1.50566E+07 -1.02160E+08  2.74375E+08  1.65129E+08  1.19601E+08  1.56732E+08  1.48059E+08  1.50598E+08  1.57797E+08  1.52609E+08  1.30198E+08  1.54946E+08  2.80250E+08 -1.04606E+08 -1.56224E+07  5.24661E+06  2.90481E+06  1.80147E+05
  1.56036E+05  2.79666E+06  4.69059E+06 -1.76675E+07 -1.10208E+08  2.88818E+08  1.60073E+08  1.21698E+08  1.55050E+08  1.52966E+08  1.49238E+08  1.52659E+08  1.53382E+08  1.24522E+08  1.59276E+08  2.89983E+08 -1.09971E+08 -1.73806E+07  4.74332E+06  2.80613E+06  1.61520E+05
  1.12932E+05  1.82447E+06  3.29963E+06 -1.40578E+07 -1.05637E+08  2.18903E+08  1.18561E+08  8.86529E+07  9.91509E+07  1.04548E+08  1.06279E+08  1.06841E+08  1.06197E+08  8.75224E+07  1.19562E+08  2.18318E+08 -1.06973E+08 -1.48457E+07  3.04716E+06  1.77507E+06  1.11232E+05
  6.19886E+04  9.78103E+05  2.30146E+06 -3.81836E+06 -4.85464E+07  2.26934E+08  2.01693E+08  2.50556E+08  2.51054E+08  2.64885E+08  2.42664E+08  2.60600E+08  2.60186E+08  2.55995E+08  1.95821E+08  2.29511E+08 -4.78879E+07 -3.93489E+06  2.23971E+06  9.59522E+05  6.09522E+04
  6.32752E+04  9.77261E+05  2.71469E+06  1.22172E+06 -4.29991E+06  3.03303E+08  2.79419E+08  3.56035E+08  3.49626E+08  3.72045E+08  3.44980E+08  3.61471E+08  3.39525E+08  3.49995E+08  2.69851E+08  2.99282E+08 -1.03226E+07  8.91140E+05  2.70244E+06  9.66402E+05  6.23496E+04
  6.17048E+04  9.07757E+05  2.44049E+06 -9.56007E+05 -3.02297E+07  8.53070E+07 -2.72976E+07 -8.28824E+07 -6.16411E+07 -6.55822E+07 -5.55383E+07 -6.24410E+07 -5.54090E+07 -7.86778E+07 -2.21455E+07  9.91587E+07 -2.30749E+07 -1.25370E+05  2.53044E+06  9.06302E+05  6.10332E+04
  5.77962E+04  7.97120E+05  2.07469E+06 -1.01000E+06 -2.20763E+07 -9.01108E+05 -5.66763E+07 -7.95769E+07 -5.95115E+07 -5.97381E+07 -5.16182E+07 -6.08467E+07 -5.89634E+07 -8.12416E+07 -5.97064E+07 -2.06055E+06 -2.18292E+07 -5.73697E+05  2.17545E+06  8.01564E+05  5.74013E+04
  9.92875E+04  1.20988E+06  3.16121E+06  1.27907E+06 -3.40454E+06  7.08402E+06 -1.12901E+07 -2.49513E+07 -1.50297E+07 -1.38670E+07 -1.12046E+07 -1.43951E+07 -1.47438E+07 -2.57248E+07 -1.21785E+07  6.97083E+06 -3.06630E+06  1.66758E+06  3.31406E+06  1.22583E+06  9.91824E+04
  1.29582E+05  1.10890E+06  3.32337E+06  4.16004E+06  4.53348E+06  7.71138E+06  7.02754E+06  7.75333E+06  9.45905E+06  1.02284E+07  9.59023E+06  9.98632E+06  9.42339E+06  7.42261E+06  6.84261E+06  7.70993E+06  4.64248E+06  4.32360E+06  3.42612E+06  1.12808E+06  1.30458E+05
  1.44753E+05  3.33133E+05  1.28295E+06  1.89495E+06  1.99074E+06  2.56045E+06  3.31810E+06  5.23285E+06  4.93168E+06  4.86080E+06  4.34767E+06  4.79340E+06  4.85287E+06  5.10119E+06  3.26134E+06  2.53612E+06  1.98451E+06  1.90173E+06  1.29463E+06  3.39318E+05  1.47693E+05
  1.40145E+05  1.58190E+05  1.73227E+05  1.84285E+05  1.64467E+05  1.90214E+05  2.45994E+05  3.85046E+05  3.02900E+05  2.56519E+05  2.17043E+05  2.49672E+05  2.89914E+05  3.66892E+05  2.37603E+05  1.85139E+05  1.60996E+05  1.81620E+05  1.72704E+05  1.60522E+05  1.42433E+05

  5.01022E+04  1.44514E+04  1.57025E+03  3.41957E+04  5.41406E+04  8.41112E+04  1.38221E+05  2.84571E+05  2.84684E+05  2.85016E+05  2.60223E+05  2.88986E+05  2.86340E+05  2.79087E+05  1.36270E+05  8.33672E+04  5.41232E+04  3.53201E+04  4.43436E+03  1.66174E+04  5.00998E+04
  7.27674E+04 -4.89167E+04  2.91755E+05  6.68087E+05  9.13869E+05  1.46742E+06  2.31693E+06  4.26967E+06  4.10400E+06  4.00252E+06  3.67495E+06  4.09672E+06  4.20258E+06  4.30267E+06  2.36763E+06  1.50173E+06  9.39097E+05  6.97389E+05  3.23576E+05 -3.33616E+04  7.43587E+04
  8.77039E+04  4.28762E+05  1.20556E+06  7.36668E+05  5.94890E+05  3.42812E+06  5.36445E+06  7.82215E+06  8.25370E+06  7.97656E+06  7.80020E+06  8.31743E+06  8.60264E+06  8.02681E+06  5.81635E+06  3.59971E+06  6.14844E+05  7.24327E+05  1.20277E+06  4.28982E+05  8.73423E+04
  8.03872E+04  6.96955E+05  1.61668E+06 -1.76195E+06 -9.15852E+06 -1.39199E+06 -4.08576E+06 -1.14907E+07 -6.53665E+06 -7.37205E+06 -4.95223E+06 -6.83913E+06 -6.13123E+06 -1.10769E+07 -2.63645E+06 -1.20785E+06 -9.48900E+06 -2.02696E+06  1.51412E+06  6.74539E+05  7.79913E+04
  5.06091E+04  5.33267E+05  1.64764E+06 -3.86471E+05 -1.65137E+07  2.44313E+06 -5.12969E+06 -1.58729E+07 -9.06173E+06 -1.06342E+07 -6.87416E+06 -9.82598E+06 -8.94104E+06 -1.53774E+07 -2.93274E+06  2.18939E+06 -1.73448E+07 -7.64400E+05  1.55200E+06  5.16063E+05  4.88016E+04
  5.65181E+04  6.48375E+05  2.51184E+06  6.24573E+06  2.91985E+07  1.56522E+08  1.83999E+08  2.27070E+08  2.03288E+08  2.02512E+08  1.90545E+08  2.05448E+08  2.02699E+08  2.27344E+08  1.86773E+08  1.52680E+08  2.60632E+07  5.62222E+06  2.40251E+06  6.29050E+05  5.43500E+04
  6.03942E+04  7.10854E+05  2.62534E+06  3.21049E+06 -1.78511E+06  8.73949E+07  8.09889E+07  8.45379E+07  8.01455E+07  8.01302E+07  8.35662E+07  8.63050E+07  8.50213E+07  8.37564E+07  8.34875E+07  8.99522E+07 -6.64487E+05  3.19100E+06  2.56612E+06  6.92595E+05  5.79488E+04
  6.19011E+04  7.25937E+05  2.59623E+06  3.29137E+06  5.69783E+06  8.81655E+07  8.86420E+07  9.60387E+07  9.27711E+07  9.21417E+07  9.02279E+07  9.12814E+07  9.07392E+07  9.16049E+07  8.72959E+07  8.99980E+07  5.87780E+06  3.31279E+06  2.56444E+06  7.09179E+05  5.92458E+04
  1.21377E+05  1.38654E+06  4.63570E+06  3.63929E+06 -2.09525E+06  9.01254E+07  9.26185E+07  9.34309E+07  9.05788E+07  9.08370E+07  9.28341E+07  9.35691E+07  9.64383E+07  9.07563E+07  8.96139E+07  9.34182E+07 -1.10436E+06  3.94067E+06  4.63452E+06  1.35704E+06  1.15660E+05
  1.96813E+05  2.23037E+06  7.67996E+06  6.59593E+06  5.04488E+05  1.08344E+08  1.16418E+08  1.20219E+08  1.20588E+08  1.19166E+08  1.20070E+08  1.21438E+08  1.21438E+08  1.16285E+08  1.15374E+08  1.11414E+08  1.57755E+06  6.76916E+06  7.59877E+06  2.16559E+06  1.85509E+05
  1.47502E+05  2.61293E+06  1.01985E+07  1.12662E+07  6.79022E+06  1.16883E+08  1.21347E+08  1.27268E+08  1.31418E+08  1.30111E+08  1.29215E+08  1.30249E+08  1.30918E+08  1.26022E+08  1.21504E+08  1.16348E+08  5.83855E+06  1.07954E+07  9.95403E+06  2.54805E+06  1.43070E+05
  7.07936E+04  2.04246E+06  8.16723E+06  9.56745E+06  6.38271E+06  1.02356E+08  9.11638E+07  8.99898E+07  1.00917E+08  9.88197E+07  9.90601E+07  9.96405E+07  9.78480E+07  8.81274E+07  9.20014E+07  1.02439E+08  7.08189E+06  9.49451E+06  8.03844E+06  2.02571E+06  7.31062E+04
  3.33877E+04  1.23442E+06  5.10251E+06  6.33530E+06  6.04528E+06  8.73709E+07  6.23557E+07  5.05405E+07  6.05216E+07  6.24321E+07  6.38630E+07  6.24107E+07  6.25286E+07  5.21828E+07  5.98472E+07  8.66022E+07  6.55073E+06  6.14872E+06  4.99558E+06  1.22763E+06  3.56389E+04
  3.00871E+04  1.34752E+06  5.71112E+06  6.74937E+06 -3.77813E+06  9.39328E+07  3.23681E+07  8.18455E+06  2.66586E+07  2.34069E+07  3.18168E+07  2.57757E+07  2.76863E+07  8.35136E+06  2.86147E+07  9.40865E+07 -7.31342E+06  5.88608E+06  5.54076E+06  1.34115E+06  3.30274E+04
  2.40807E+04  1.40651E+06  6.35084E+06  1.32040E+07  4.57543E+07  3.05480E+08  3.27689E+08  4.23181E+08  4.04503E+08  4.15821E+08  3.92597E+08  4.18957E+08  4.10145E+08  4.27995E+08  3.21784E+08  3.12388E+08  4.42645E+07  1.25722E+07  6.18614E+06  1.40288E+06  2.76697E+04
  1.47857E+04  1.36148E+06  5.75694E+06  7.45492E+06  1.14324E+07  2.80064E+08  3.06035E+08  3.77006E+08  3.71045E+08  3.86775E+08  3.65102E+08  3.83620E+08  3.70132E+08  3.87950E+08  3.04851E+08  2.90989E+08  1.30218E+07  7.30169E+06  5.61996E+06  1.36126E+06  1.89481E+04
 -6.06693E+03  2.36124E+06  8.49665E+06 -1.94115E+06 -3.99524E+07  2.99393E+08  2.91047E+08  3.19811E+08  3.29578E+08  3.20847E+08  3.08987E+08  3.32343E+08  3.22551E+08  3.20035E+08  2.74040E+08  3.01937E+08 -4.33043E+07 -3.35187E+06  8.15731E+06  2.36966E+06  3.71129E+03
 -1.61422E+05  3.08656E+06  1.12496E+07 -4.17180E+06 -3.65450E+07  4.17111E+08  3.76629E+08  3.75253E+08  3.95569E+08  3.85202E+08  3.72851E+08  4.01838E+08  3.92901E+08  3.90642E+08  3.63680E+08  4.22852E+08 -3.85790E+07 -4.83408E+06  1.11869E+07  3.18234E+06 -1.38642E+05
 -1.72648E+05  3.04841E+06  1.04821E+07 -7.33276E+06 -4.25518E+07  4.36815E+08  3.76560E+08  3.84056E+08  3.98092E+08  3.97675E+08  3.75694E+08  4.00165E+08  3.98976E+08  3.88322E+08  3.75550E+08  4.37694E+08 -4.24828E+07 -6.86127E+06  1.06190E+07  3.08888E+06 -1.60579E+05
 -1.75333E+04  2.33087E+06  7.71030E+06 -5.48578E+06 -4.50497E+07  3.49602E+08  3.12718E+08  3.37915E+08  3.28224E+08  3.41044E+08  3.23298E+08  3.41354E+08  3.38394E+08  3.36659E+08  3.12516E+08  3.48409E+08 -4.77074E+07 -7.00467E+06  7.20238E+06  2.23470E+06 -2.04173E+04
  6.04601E+03  1.29897E+06  4.98458E+06  3.19580E+06 -2.19123E+06  3.14292E+08  3.29210E+08  4.15234E+08  4.01482E+08  4.20946E+08  3.86753E+08  4.14284E+08  4.08368E+08  4.17018E+08  3.21843E+08  3.15233E+08 -2.38413E+06  2.84914E+06  4.83668E+06  1.25884E+06  4.03247E+03
  1.28895E+04  1.30730E+06  5.51049E+06  9.08782E+06  3.15892E+07  3.60630E+08  3.67828E+08  4.65199E+08  4.49516E+08  4.74483E+08  4.39358E+08  4.63998E+08  4.42382E+08  4.60067E+08  3.59255E+08  3.58967E+08  2.78390E+07  8.76280E+06  5.46326E+06  1.27998E+06  1.09385E+04
  1.60794E+04  1.20227E+06  4.90287E+06  5.19403E+06  2.70252E+04  1.53213E+08  7.74849E+07  5.14511E+07  6.45608E+07  6.67772E+07  6.65907E+07  6.70514E+07  6.84073E+07  5.41716E+07  8.01380E+07  1.64021E+08  5.97088E+06  6.26634E+06  5.01730E+06  1.19080E+06  1.44667E+04
  1.63243E+04  1.02847E+06  4.05096E+06  3.11224E+06 -7.42816E+06  3.43020E+07 -1.33580E+07 -3.33380E+07 -1.52273E+07 -1.41609E+07 -9.22999E+06 -1.52858E+07 -1.43922E+07 -3.44537E+07 -1.54002E+07  3.48841E+07 -6.14287E+06  3.81710E+06  4.19674E+06  1.02767E+06  1.51225E+04
  2.79013E+04  1.45223E+06  5.67885E+06  5.75521E+06  3.67433E+06  2.35132E+07  3.53946E+06 -9.16083E+06  2.79655E+06  4.72092E+06  6.41671E+06  3.86357E+06  2.99245E+06 -1.03702E+07  2.41828E+06  2.35842E+07  4.36738E+06  6.40416E+06  5.90906E+06  1.46525E+06  2.65817E+04
  3.97449E+04  1.00760E+06  5.03095E+06  7.69954E+06  9.35431E+06  1.54247E+07  1.59454E+07  1.97098E+07  2.14143E+07  2.23728E+07  2.07289E+07  2.19610E+07  2.12181E+07  1.90667E+07  1.56478E+07  1.54214E+07  9.53774E+06  7.96197E+06  5.17973E+06  1.02298E+06  3.91943E+04
  1.60146E+05 -4.71882E+03  1.26649E+06  2.43671E+06  2.80906E+06  3.74018E+06  4.84374E+06  7.29115E+06  6.61163E+06  6.39024E+06  5.70388E+06  6.28680E+06  6.46212E+06  7.05475E+06  4.74771E+06  3.69766E+06  2.79684E+06  2.44486E+06  1.28002E+06 -1.43368E+03  1.63465E+05
  2.33386E+05  1.73433E+05  8.40527E+04  1.00181E+05  1.01636E+05  1.20360E+05  1.37706E+05  1.06072E+05 -3.90022E+04 -1.13958E+05 -1.17557E+05 -1.21790E+05 -5.71279E+04  7.99483E+04  1.26155E+05  1.13600E+05  9.72486E+04  9.72210E+04  8.41672E+04  1.76668E+05  2.36420E+05

  4.21779E+04 -1.49923E+04 -9.75460E+04 -8.09211E+04 -4.70388E+04 -3.47227E+04 -2.94060E+04 -4.85183E+04 -5.30779E+04 -4.96807E+04 -3.84161E+04 -5.19143E+04 -6.18326E+04 -6.67934E+04 -3.77917E+04 -3.94239E+04 -4.98033E+04 -8.20151E+04 -9.57049E+04 -1.24289E+04  4.29047E+04
  4.62151E+04 -3.83844E+05 -2.71950E+05  1.84664E+05  5.72546E+05  1.10006E+06  1.84612E+06  3.32732E+06  3.00884E+06  2.84669E+06  2.63713E+06  2.93816E+06  3.08932E+06  3.31274E+06  1.86949E+06  1.12537E+06  5.99390E+05  2.25502E+05 -2.22720E+05 -3.55561E+05  5.16897E+04
  3.22957E+03 -1.45953E+05  9.05203E+05  1.61365E+06  2.53123E+06  5.85342E+06  9.26014E+06  1.47993E+07  1.39835E+07  1.34444E+07  1.27240E+07  1.39094E+07  1.43938E+07  1.49350E+07  9.62477E+06  6.03454E+06  2.60403E+06  1.66721E+06  9.53547E+05 -1.21038E+05  8.23566E+03
  9.93002E+03  2.82112E+05  2.00203E+06  2.09957E+06  1.54859E+06  1.10225E+07  1.57120E+07  2.10140E+07  2.06184E+07  1.96332E+07  1.93795E+07  2.05254E+07  2.11970E+07  2.12621E+07  1.67008E+07  1.11955E+07  1.36728E+06  1.92797E+06  1.93744E+06  2.71894E+05  1.01902E+04
  9.27828E+03  2.98203E+05  2.03668E+06  3.70063E+06  4.71201E+06  2.39647E+07  3.11813E+07  4.04395E+07  3.72772E+07  3.63086E+07  3.51452E+07  3.73947E+07  3.77104E+07  4.05168E+07  3.21701E+07  2.37568E+07  4.22107E+06  3.43974E+06  1.96214E+06  2.84973E+05  8.57383E+03
  1.16583E+04  3.91670E+05  2.84233E+06  7.91572E+06  2.20596E+07  7.59204E+07  9.64695E+07  1.25268E+08  1.11252E+08  1.10493E+08  1.04527E+08  1.12653E+08  1.11816E+08  1.24855E+08  9.72713E+07  7.49262E+07  2.10371E+07  7.55556E+06  2.75154E+06  3.73879E+05  1.03778E+04
  1.27135E+04  4.37642E+05  3.09676E+06  7.46672E+06  1.60331E+07  6.35401E+07  7.59798E+07  9.43658E+07  8.56440E+07  8.53931E+07  8.31737E+07  8.83670E+07  8.78339E+07  9.41328E+07  7.67985E+07  6.44901E+07  1.62177E+07  7.37156E+06  3.02806E+06  4.17502E+05  1.08990E+04
  1.20911E+04  4.35841E+05  3.07484E+06  7.12138E+06  1.56665E+07  5.77063E+07  6.97350E+07  8.57450E+07  7.89114E+07  7.86256E+07  7.58046E+07  7.95960E+07  7.93512E+07  8.41851E+07  6.91645E+07  5.87884E+07  1.58686E+07  7.09862E+06  3.02019E+06  4.13977E+05  9.80345E+03
  1.67226E+04  7.44963E+05  5.44216E+06  1.09222E+07  2.00624E+07  7.25168E+07  9.10581E+07  1.11999E+08  1.03438E+08  1.03377E+08  1.00613E+08  1.05702E+08  1.07068E+08  1.11097E+08  8.95848E+07  7.43674E+07  2.06923E+07  1.10308E+07  5.36072E+06  6.97230E+05  1.10444E+04
 -2.86255E+04  6.65959E+05  7.99240E+06  1.53279E+07  2.60183E+07  8.75811E+07  1.12866E+08  1.40893E+08  1.32873E+08  1.31306E+08  1.26809E+08  1.32992E+08  1.33336E+08  1.38336E+08  1.11761E+08  8.90323E+07  2.64744E+07  1.52438E+07  7.77168E+06  5.61184E+05 -4.07508E+04
 -1.60408E+05  4.42825E+05  9.82169E+06  1.96819E+07  3.18912E+07  9.55931E+07  1.19029E+08  1.49213E+08  1.43726E+08  1.42975E+08  1.37006E+08  1.42838E+08  1.42989E+08  1.47978E+08  1.18818E+08  9.51143E+07  3.12521E+07  1.92276E+07  9.56777E+06  3.84226E+05 -1.61519E+05
 -1.44620E+05  6.31680E+05  8.43184E+06  1.76235E+07  2.95094E+07  8.56526E+07  9.72193E+07  1.17655E+08  1.16837E+08  1.16918E+08  1.12285E+08  1.16781E+08  1.15637E+08  1.17079E+08  9.68669E+07  8.59583E+07  2.98186E+07  1.75929E+07  8.35374E+06  6.37116E+05 -1.39458E+05
 -8.83434E+04  4.68198E+05  5.51749E+06  1.23170E+07  2.24999E+07  6.84181E+07  7.09436E+07  8.19815E+07  8.17827E+07  8.33725E+07  8.06478E+07  8.36133E+07  8.28586E+07  8.28797E+07  6.91212E+07  6.85195E+07  2.27221E+07  1.22410E+07  5.46074E+06  4.77203E+05 -8.44817E+04
 -9.98465E+04  5.46090E+05  6.31640E+06  1.49164E+07  2.86250E+07  9.39747E+07  9.48969E+07  1.14341E+08  1.12827E+08  1.14133E+08  1.10298E+08  1.15352E+08  1.14309E+08  1.15979E+08  9.22522E+07  9.48523E+07  2.77954E+07  1.45093E+07  6.21723E+06  5.57835E+05 -9.52316E+04
 -1.12449E+05  5.73766E+05  6.92297E+06  1.91037E+07  4.91339E+07  1.68890E+08  2.01326E+08  2.65591E+08  2.50016E+08  2.55679E+08  2.40421E+08  2.56935E+08  2.52274E+08  2.69406E+08  1.98681E+08  1.72695E+08  4.88991E+07  1.87456E+07  6.81872E+06  5.89269E+05 -1.07176E+05
 -1.26424E+05  5.11875E+05  6.51873E+06  1.63165E+07  3.99233E+07  1.68061E+08  2.07985E+08  2.71958E+08  2.58137E+08  2.64984E+08  2.48476E+08  2.64477E+08  2.57293E+08  2.76968E+08  2.06856E+08  1.73804E+08  4.08283E+07  1.61753E+07  6.42823E+06  5.31445E+05 -1.20600E+05
 -2.97186E+05  6.27707E+05  1.02593E+07  1.92604E+07  3.95777E+07  2.17711E+08  2.67437E+08  3.40020E+08  3.25064E+08  3.23303E+08  3.04012E+08  3.29635E+08  3.22731E+08  3.43049E+08  2.59113E+08  2.20680E+08  3.85803E+07  1.84043E+07  1.00597E+07  6.79127E+05 -2.84245E+05
 -7.40209E+05 -3.86293E+05  1.31585E+07  2.40331E+07  5.60014E+07  2.92773E+08  3.41918E+08  4.10067E+08  3.91173E+08  3.83122E+08  3.59402E+08  3.96044E+08  3.93856E+08  4.20129E+08  3.35745E+08  2.96862E+08  5.63375E+07  2.41445E+07  1.33858E+07 -2.04387E+05 -7.12060E+05
 -7.46486E+05 -2.76977E+05  1.30562E+07  2.30337E+07  5.60741E+07  3.06104E+08  3.48326E+08  4.22073E+08  3.98916E+08  3.96555E+08  3.66618E+08  4.00411E+08  4.03044E+08  4.23398E+08  3.48045E+08  3.07730E+08  5.69917E+07  2.37026E+07  1.33175E+07 -1.84594E+05 -7.28902E+05
 -2.97122E+05  7.92215E+05  1.02986E+07  1.87880E+07  4.29628E+07  2.49652E+08  2.92165E+08  3.67572E+08  3.39628E+08  3.46622E+08  3.20590E+08  3.45401E+08  3.44348E+08  3.64034E+08  2.88785E+08  2.47079E+08  4.02395E+07  1.70847E+07  9.67459E+06  6.78403E+05 -2.99198E+05
 -1.26058E+05  5.70097E+05  6.22545E+06  1.46600E+07  3.86093E+07  1.90112E+08  2.28165E+08  2.98880E+08  2.79330E+08  2.88496E+08  2.65023E+08  2.85003E+08  2.79995E+08  2.95548E+08  2.23028E+08  1.88802E+08  3.76852E+07  1.41303E+07  6.00384E+06  5.15928E+05 -1.28059E+05
 -1.12026E+05  6.03782E+05  6.46800E+06  1.70973E+07  4.69810E+07  1.94767E+08  2.23944E+08  2.90422E+08  2.73502E+08  2.84473E+08  2.62492E+08  2.80495E+08  2.71563E+08  2.87184E+08  2.20159E+08  1.94456E+08  4.62608E+07  1.69053E+07  6.35934E+06  5.61034E+05 -1.14169E+05
 -9.93928E+04  5.36965E+05  5.72305E+06  1.34512E+07  2.94075E+07  1.13428E+08  1.08337E+08  1.25768E+08  1.22814E+08  1.26765E+08  1.18249E+08  1.25520E+08  1.23095E+08  1.25165E+08  1.08021E+08  1.16250E+08  3.13396E+07  1.39879E+07  5.75186E+06  5.09276E+05 -1.01359E+05
 -8.78387E+04  4.06688E+05  4.61178E+06  9.56932E+06  1.58175E+07  4.88020E+07  4.02222E+07  4.47307E+07  4.80866E+07  4.97044E+07  4.70995E+07  4.89198E+07  4.80575E+07  4.37859E+07  3.95527E+07  4.95362E+07  1.68027E+07  1.00675E+07  4.69284E+06  3.90610E+05 -8.95047E+04
 -1.42559E+05  3.49020E+05  5.81635E+06  1.10784E+07  1.61363E+07  3.50741E+07  3.13805E+07  3.50561E+07  3.88838E+07  4.02512E+07  3.79332E+07  3.95488E+07  3.84873E+07  3.37640E+07  3.07114E+07  3.52631E+07  1.67676E+07  1.16131E+07  5.97312E+06  3.36642E+05 -1.44989E+05
 -1.38180E+05 -4.51089E+05  3.69609E+06  8.26784E+06  1.13898E+07  1.78311E+07  2.09324E+07  2.81471E+07  2.76582E+07  2.79171E+07  2.55486E+07  2.75507E+07  2.72035E+07  2.73462E+07  2.06603E+07  1.78116E+07  1.15415E+07  8.48054E+06  3.79077E+06 -4.65500E+05 -1.40841E+05
  1.67886E+05 -7.70301E+05 -2.64087E+05  9.75405E+05  1.65641E+06  2.43957E+06  3.11683E+06  3.86728E+06  2.90160E+06  2.50628E+06  2.21027E+06  2.43219E+06  2.72716E+06  3.61412E+06  3.02445E+06  2.39612E+06  1.64088E+06  9.76592E+05 -2.62039E+05 -7.77966E+05  1.69949E+05
  2.93139E+05  1.68183E+05 -1.37203E+05 -1.74149E+05 -1.42219E+05 -1.66227E+05 -2.64474E+05 -6.80991E+05 -8.21662E+05 -8.83104E+05 -7.95403E+05 -8.83339E+05 -8.32075E+05 -6.97824E+05 -2.70852E+05 -1.69502E+05 -1.43851E+05 -1.74327E+05 -1.35341E+05  1.70534E+05  2.95213E+05

  1.34517E+04  7.72613E+04 -6.01080E+04 -1.13154E+05 -9.78293E+04 -1.06515E+05 -1.36617E+05 -2.38055E+05 -1.89045E+05 -1.47508E+05 -1.21811E+05 -1.63585E+05 -2.19205E+05 -2.79382E+05 -1.56717E+05 -1.18775E+05 -1.06277E+05 -1.19683E+05 -6.24050E+04  7.83731E+04  1.43098E+04
  1.59353E+05 -5.30300E+05 -1.09613E+06 -9.01093E+05 -4.56977E+05 -2.06071E+05 -2.77454E+04 -2.25016E+05 -5.48945E+05 -6.74486E+05 -5.34979E+05 -6.45112E+05 -5.61741E+05 -3.53316E+05 -7.31196E+04 -2.14923E+05 -4.45013E+05 -8.61017E+05 -1.03586E+06 -4.90573E+05  1.68446E+05
  8.02209E+04 -9.24804E+05 -6.50510E+05  5.94591E+05  2.15801E+06  4.74425E+06  7.84171E+06  1.27230E+07  1.10482E+07  1.04231E+07  9.83758E+06  1.08146E+07  1.13382E+07  1.26352E+07  7.96268E+06  4.86327E+06  2.25876E+06  7.20950E+05 -5.29070E+05 -8.59487E+05  9.34694E+04
  3.69294E+04 -5.01729E+05  8.18293E+05  3.14038E+06  5.96885E+06  1.30430E+07  1.98347E+07  3.00653E+07  2.66179E+07  2.57134E+07  2.43069E+07  2.65033E+07  2.71378E+07  3.00008E+07  2.01482E+07  1.31530E+07  5.94590E+06  3.11678E+06  8.30532E+05 -4.84237E+05  4.23265E+04
  2.21332E+04 -1.97961E+05  1.20403E+06  4.19984E+06  8.39073E+06  1.87982E+07  2.70145E+07  3.90765E+07  3.42662E+07  3.36297E+07  3.17220E+07  3.44319E+07  3.47346E+07  3.89379E+07  2.71802E+07  1.87441E+07  8.25069E+06  4.10760E+06  1.17681E+06 -1.98726E+05  2.39270E+04
  2.56939E+04 -1.67269E+05  1.72504E+06  6.34023E+06  1.40764E+07  3.23284E+07  4.48068E+07  6.28990E+07  5.50771E+07  5.45037E+07  5.13896E+07  5.56768E+07  5.57467E+07  6.26496E+07  4.48390E+07  3.21998E+07  1.38689E+07  6.20956E+06  1.67601E+06 -1.75426E+05  2.67495E+04
  2.98979E+04 -1.61158E+05  1.95317E+06  6.88644E+06  1.45594E+07  3.30975E+07  4.50156E+07  6.21042E+07  5.49487E+07  5.45984E+07  5.18728E+07  5.59301E+07  5.60085E+07  6.21221E+07  4.50748E+07  3.33631E+07  1.45725E+07  6.80603E+06  1.89441E+06 -1.76302E+05  3.01657E+04
  3.44586E+04 -1.83140E+05  1.92852E+06  6.65756E+06  1.37527E+07  3.04228E+07  4.14202E+07  5.66310E+07  5.04875E+07  5.02518E+07  4.77204E+07  5.12225E+07  5.13447E+07  5.65219E+07  4.12165E+07  3.08196E+07  1.38451E+07  6.60052E+06  1.86002E+06 -2.04877E+05  3.39561E+04
  8.20970E+04 -5.16646E+05  3.15884E+06  1.06893E+07  2.06916E+07  4.37609E+07  6.07163E+07  8.34361E+07  7.47349E+07  7.44260E+07  7.08644E+07  7.59476E+07  7.67017E+07  8.38695E+07  6.02990E+07  4.44712E+07  2.09112E+07  1.05848E+07  2.99183E+06 -5.77012E+05  7.91327E+04
  2.03847E+05 -1.84744E+06  2.97387E+06  1.29737E+07  2.52455E+07  5.27498E+07  7.41533E+07  1.01358E+08  9.14215E+07  8.99865E+07  8.52600E+07  9.06990E+07  9.13740E+07  1.00293E+08  7.32588E+07  5.29675E+07  2.51391E+07  1.25655E+07  2.58442E+06 -1.98842E+06  1.95728E+05
  1.03417E+05 -2.97739E+06  2.52539E+06  1.43839E+07  2.79825E+07  5.66177E+07  7.68523E+07  1.02790E+08  9.33276E+07  9.28451E+07  8.78727E+07  9.22937E+07  9.25203E+07  1.01961E+08  7.64069E+07  5.62712E+07  2.76137E+07  1.40480E+07  2.32271E+06 -3.00467E+06  1.10406E+05
 -6.51047E+04 -1.91978E+06  3.18161E+06  1.40313E+07  2.66668E+07  5.22207E+07  6.68347E+07  8.70614E+07  7.96784E+07  8.02083E+07  7.58631E+07  7.95195E+07  7.93358E+07  8.71837E+07  6.63216E+07  5.25388E+07  2.69273E+07  1.41372E+07  3.21436E+06 -1.87529E+06 -5.58633E+04
 -6.27704E+04 -1.01518E+06  2.49494E+06  1.03436E+07  2.03861E+07  4.10104E+07  5.11564E+07  6.62568E+07  6.05417E+07  6.14372E+07  5.82034E+07  6.13897E+07  6.10337E+07  6.69711E+07  5.03103E+07  4.13705E+07  2.06800E+07  1.04516E+07  2.53309E+06 -9.80806E+05 -5.70913E+04
 -8.25116E+04 -1.05901E+06  3.02711E+06  1.26929E+07  2.63584E+07  5.55893E+07  6.98060E+07  9.22870E+07  8.39156E+07  8.50104E+07  8.01629E+07  8.52239E+07  8.46279E+07  9.36823E+07  6.87894E+07  5.64068E+07  2.65908E+07  1.27302E+07  3.05744E+06 -1.01888E+06 -7.63227E+04
 -1.01063E+05 -1.12414E+06  3.32009E+06  1.46356E+07  3.31496E+07  7.51129E+07  9.84893E+07  1.33757E+08  1.20803E+08  1.22519E+08  1.14549E+08  1.22692E+08  1.21353E+08  1.35865E+08  9.77788E+07  7.69068E+07  3.35908E+07  1.46782E+07  3.34954E+06 -1.07923E+06 -9.45458E+04
 -1.18058E+05 -1.22832E+06  3.03658E+06  1.36808E+07  3.17472E+07  7.68205E+07  1.03831E+08  1.41711E+08  1.27898E+08  1.29528E+08  1.20726E+08  1.29491E+08  1.27549E+08  1.43898E+08  1.03532E+08  7.92466E+07  3.24712E+07  1.37763E+07  3.07248E+06 -1.17937E+06 -1.11366E+05
 -2.81250E+05 -2.86124E+06  4.00935E+06  1.97278E+07  4.60477E+07  1.15694E+08  1.59697E+08  2.17651E+08  1.94560E+08  1.93736E+08  1.80077E+08  1.96164E+08  1.94627E+08  2.20761E+08  1.57573E+08  1.18007E+08  4.66275E+07  1.97557E+07  4.10460E+06 -2.75221E+06 -2.67788E+05
 -6.65148E+05 -6.88873E+06  1.57180E+06  2.18304E+07  5.82590E+07  1.50072E+08  2.02139E+08  2.63944E+08  2.29277E+08  2.21939E+08  2.04730E+08  2.29662E+08  2.34313E+08  2.69533E+08  2.01175E+08  1.53166E+08  5.99464E+07  2.28843E+07  2.19748E+06 -6.62590E+06 -6.39904E+05
 -7.13621E+05 -6.70077E+06  2.18102E+06  2.27658E+07  6.08466E+07  1.57810E+08  2.09588E+08  2.75194E+08  2.38357E+08  2.32298E+08  2.11883E+08  2.35888E+08  2.42622E+08  2.74103E+08  2.09288E+08  1.59091E+08  6.18989E+07  2.35853E+07  2.59579E+06 -6.53955E+06 -6.91486E+05
 -3.24612E+05 -2.56410E+06  4.91045E+06  2.16364E+07  5.16728E+07  1.32082E+08  1.77573E+08  2.40603E+08  2.10727E+08  2.10258E+08  1.92045E+08  2.09300E+08  2.10962E+08  2.35301E+08  1.73384E+08  1.29130E+08  4.93984E+07  2.00995E+07  4.30135E+06 -2.66002E+06 -3.22216E+05
 -1.41459E+05 -1.06086E+06  3.34487E+06  1.41037E+07  3.41526E+07  8.70562E+07  1.15339E+08  1.56484E+08  1.39368E+08  1.40856E+08  1.29027E+08  1.39711E+08  1.38198E+08  1.52598E+08  1.12287E+08  8.55673E+07  3.32355E+07  1.35131E+07  3.08171E+06 -1.11486E+06 -1.41248E+05
 -1.24555E+05 -9.55232E+05  3.46997E+06  1.45359E+07  3.45323E+07  8.42426E+07  1.08046E+08  1.44974E+08  1.30274E+08  1.32450E+08  1.21670E+08  1.31414E+08  1.28997E+08  1.41924E+08  1.05898E+08  8.34826E+07  3.40948E+07  1.42293E+07  3.28855E+06 -1.00372E+06 -1.24642E+05
 -1.05012E+05 -8.94212E+05  2.99123E+06  1.21307E+07  2.66262E+07  6.00017E+07  7.25982E+07  9.42538E+07  8.54000E+07  8.65407E+07  7.96994E+07  8.59014E+07  8.44965E+07  9.23686E+07  7.15446E+07  5.99738E+07  2.68105E+07  1.21405E+07  2.90173E+06 -9.33075E+05 -1.05174E+05
 -8.33378E+04 -8.60773E+05  2.19719E+06  8.83095E+06  1.75110E+07  3.49284E+07  4.09448E+07  5.26195E+07  4.82460E+07  4.86325E+07  4.48821E+07  4.82488E+07  4.75400E+07  5.13486E+07  4.03655E+07  3.49019E+07  1.77242E+07  8.94029E+06  2.16426E+06 -8.90606E+05 -8.34771E+04
 -9.71693E+04 -1.64044E+06  1.82547E+06  8.72484E+06  1.58404E+07  2.79024E+07  3.23969E+07  4.05723E+07  3.73327E+07  3.72153E+07  3.43676E+07  3.68928E+07  3.64050E+07  3.91837E+07  3.19029E+07  2.78298E+07  1.60424E+07  8.90443E+06  1.82265E+06 -1.68055E+06 -9.73091E+04
  9.66798E+04 -2.28664E+06 -9.63104E+05  3.17065E+06  6.68642E+06  1.09272E+07  1.33792E+07  1.59658E+07  1.33831E+07  1.26756E+07  1.16155E+07  1.25322E+07  1.27531E+07  1.51716E+07  1.31591E+07  1.08474E+07  6.71433E+06  3.22657E+06 -9.83012E+05 -2.33406E+06  9.65887E+04
  6.24894E+05 -8.64326E+05 -2.30684E+06 -1.96088E+06 -1.18452E+06 -1.07296E+06 -1.72696E+06 -5.08249E+06 -6.05304E+06 -6.48787E+06 -5.81069E+06 -6.47050E+06 -6.18398E+06 -5.25072E+06 -1.77435E+06 -1.09852E+06 -1.19708E+06 -1.96812E+06 -2.31979E+06 -8.78995E+05  6.29352E+05
  4.58006E+05  6.16310E+05  6.40986E+04 -1.96421E+05 -2.30289E+05 -3.03414E+05 -4.72358E+05 -1.03698E+06 -1.06366E+06 -1.04910E+06 -9.20737E+05 -1.03495E+06 -1.05581E+06 -1.03041E+06 -4.67237E+05 -2.99492E+05 -2.26728E+05 -1.92092E+05  6.78896E+04  6.17341E+05  4.59014E+05

 -1.79488E+05  1.31057E+05  2.11281E+05  1.43327E+05  1.02578E+05  1.12938E+05  1.65364E+05  3.98839E+05  5.35856E+05  6.19580E+05  5.66330E+05  6.02220E+05  5.07208E+05  3.65975E+05  1.49113E+05  1.02489E+05  9.47242E+04  1.35920E+05  2.06065E+05  1.29685E+05 -1.79439E+05
  1.81150E+05  2.47451E+05 -3.68783E+05 -7.27566E+05 -6.93223E+05 -8.15142E+05 -1.11770E+06 -2.06151E+06 -1.90591E+06 -1.77514E+06 -1.56223E+06 -1.83273E+06 -2.00467E+06 -2.19979E+06 -1.18646E+06 -8.49408E+05 -7.08572E+05 -7.26555E+05 -3.51950E+05  2.63023E+05  1.85309E+05
  2.89270E+05 -2.23077E+05 -1.27769E+06 -1.59323E+06 -1.26080E+06 -1.26638E+06 -1.58478E+06 -3.15712E+06 -3.40944E+06 -3.39183E+06 -2.96505E+06 -3.40930E+06 -3.48056E+06 -3.35044E+06 -1.67927E+06 -1.28369E+06 -1.23835E+06 -1.53034E+06 -1.20037E+06 -1.75292E+05  2.98998E+05
  1.95283E+05 -3.38692E+05 -1.11058E+06 -1.12263E+06 -5.90122E+05 -1.84121E+05  7.25622E+03 -6.54003E+05 -1.30844E+06 -1.34602E+06 -1.06395E+06 -1.29558E+06 -1.29316E+06 -7.93281E+05 -7.75914E+04 -1.94511E+05 -5.71270E+05 -1.07927E+06 -1.06452E+06 -3.12248E+05  2.00985E+05
  1.14469E+05 -2.03260E+05 -5.91972E+05 -4.44230E+05  4.69982E+04  6.03526E+05  1.00862E+06  1.05963E+06  4.51154E+05  4.40845E+05  5.38865E+05  4.95508E+05  4.99476E+05  1.00540E+06  9.50059E+05  5.90409E+05  5.02015E+04 -4.30958E+05 -5.77185E+05 -1.93223E+05  1.17151E+05
  1.27614E+05 -2.15902E+05 -6.03341E+05 -3.51355E+05  2.99948E+05  1.10533E+06  1.67377E+06  1.89408E+06  1.14670E+06  1.16117E+06  1.23491E+06  1.23135E+06  1.22489E+06  1.88112E+06  1.61298E+06  1.09137E+06  2.97043E+05 -3.49778E+05 -5.98670E+05 -2.09333E+05  1.30069E+05
  1.42526E+05 -2.19252E+05 -6.19515E+05 -3.34492E+05  3.49625E+05  1.17278E+06  1.70126E+06  1.78030E+06  1.06567E+06  1.11393E+06  1.21332E+06  1.18697E+06  1.17278E+06  1.84773E+06  1.66211E+06  1.17192E+06  3.44702E+05 -3.45810E+05 -6.27051E+05 -2.16918E+05  1.44673E+05
  1.59150E+05 -2.13491E+05 -6.43070E+05 -3.87659E+05  2.50136E+05  9.60908E+05  1.35811E+06  1.14804E+06  5.33735E+05  6.07947E+05  7.52990E+05  6.67235E+05  6.41788E+05  1.27411E+06  1.33758E+06  9.70081E+05  2.42064E+05 -4.12672E+05 -6.63490E+05 -2.15664E+05  1.60949E+05
  3.72561E+05 -3.91038E+05 -1.40486E+06 -1.14837E+06 -1.68513E+05  6.96208E+05  9.15565E+05 -6.05697E+05 -1.47568E+06 -1.30264E+06 -8.15430E+05 -1.25327E+06 -1.31499E+06 -2.51927E+05  9.38822E+05  7.16363E+05 -2.08163E+05 -1.24051E+06 -1.48124E+06 -4.07865E+05  3.75188E+05
  9.75275E+05 -5.55690E+05 -3.20049E+06 -3.52897E+06 -2.25475E+06 -1.73233E+06 -2.68750E+06 -8.61930E+06 -9.76649E+06 -9.58362E+06 -8.24038E+06 -9.83918E+06 -1.00506E+07 -8.54165E+06 -2.86329E+06 -1.88616E+06 -2.44300E+06 -3.77948E+06 -3.39604E+06 -6.08530E+05  9.79058E+05
  1.17504E+06 -1.00765E+06 -4.74412E+06 -5.48676E+06 -4.00970E+06 -3.87318E+06 -6.10003E+06 -1.60824E+07 -1.77577E+07 -1.73854E+07 -1.51480E+07 -1.77836E+07 -1.80941E+07 -1.61713E+07 -6.21909E+06 -3.94366E+06 -4.07006E+06 -5.55065E+06 -4.78369E+06 -9.95210E+05  1.18476E+06
  5.89492E+05 -1.12668E+06 -3.57875E+06 -3.80760E+06 -2.51198E+06 -2.20280E+06 -3.94278E+06 -1.17971E+07 -1.37655E+07 -1.35904E+07 -1.18924E+07 -1.39869E+07 -1.39242E+07 -1.17181E+07 -3.97899E+06 -2.10633E+06 -2.41052E+06 -3.71617E+06 -3.51991E+06 -1.09441E+06  5.95108E+05
  2.89942E+05 -7.22177E+05 -2.05493E+06 -2.05674E+06 -1.15377E+06 -7.30595E+05 -1.64286E+06 -6.19788E+06 -7.69479E+06 -7.65906E+06 -6.67764E+06 -7.86100E+06 -7.75697E+06 -6.08243E+06 -1.66843E+06 -6.19688E+05 -1.04507E+06 -1.96835E+06 -2.00436E+06 -7.00790E+05  2.92601E+05
  2.86030E+05 -8.20670E+05 -2.22782E+06 -2.16981E+06 -1.07033E+06 -3.80952E+05 -1.23219E+06 -6.05824E+06 -7.98312E+06 -8.01974E+06 -6.99663E+06 -8.23413E+06 -8.06108E+06 -5.88013E+06 -1.22945E+06 -2.05947E+05 -9.28850E+05 -2.06437E+06 -2.16814E+06 -7.97006E+05  2.88454E+05
  2.82443E+05 -9.05169E+05 -2.39639E+06 -2.33705E+06 -1.08114E+06 -1.19511E+05 -8.19236E+05 -5.76939E+06 -8.11946E+06 -8.23466E+06 -7.20317E+06 -8.47119E+06 -8.23571E+06 -5.55327E+06 -7.53206E+05  1.38648E+05 -9.07303E+05 -2.22030E+06 -2.33121E+06 -8.80454E+05  2.84502E+05
  2.79634E+05 -9.71959E+05 -2.56639E+06 -2.63339E+06 -1.41730E+06 -4.59961E+05 -1.14194E+06 -6.33432E+06 -8.88987E+06 -9.06886E+06 -7.98673E+06 -9.30665E+06 -9.02564E+06 -6.12148E+06 -1.01997E+06 -1.45138E+05 -1.21947E+06 -2.50872E+06 -2.49770E+06 -9.47134E+05  2.81248E+05
  5.53345E+05 -2.08669E+06 -5.62834E+06 -6.39816E+06 -4.50602E+06 -3.48881E+06 -5.52967E+06 -1.71767E+07 -2.21291E+07 -2.26325E+07 -2.01872E+07 -2.29000E+07 -2.21235E+07 -1.67578E+07 -5.29495E+06 -2.97090E+06 -4.14823E+06 -6.14544E+06 -5.48317E+06 -2.03925E+06  5.55052E+05
  1.10283E+06 -4.17924E+06 -1.17654E+07 -1.47066E+07 -1.23179E+07 -1.27036E+07 -1.87847E+07 -4.35088E+07 -5.10472E+07 -5.25308E+07 -4.74026E+07 -5.20921E+07 -4.99987E+07 -4.30710E+07 -1.83155E+07 -1.19437E+07 -1.16975E+07 -1.41863E+07 -1.14725E+07 -4.10407E+06  1.10109E+06
  9.89164E+05 -4.30589E+06 -1.16607E+07 -1.45092E+07 -1.20715E+07 -1.22793E+07 -1.82846E+07 -4.29067E+07 -5.03582E+07 -5.24189E+07 -4.72695E+07 -5.18818E+07 -4.98700E+07 -4.39033E+07 -1.85497E+07 -1.21417E+07 -1.18537E+07 -1.42620E+07 -1.14854E+07 -4.22994E+06  9.96001E+05
  4.23715E+05 -2.18565E+06 -5.41486E+06 -5.97601E+06 -3.87835E+06 -2.37710E+06 -4.10752E+06 -1.51641E+07 -2.04473E+07 -2.20096E+07 -1.97322E+07 -2.19783E+07 -2.11176E+07 -1.68053E+07 -5.18729E+06 -3.10561E+06 -4.37128E+06 -6.31906E+06 -5.54479E+06 -2.18465E+06  4.29306E+05
  2.01108E+05 -1.01144E+06 -2.42082E+06 -2.38717E+06 -1.06018E+06  2.15394E+05 -2.67687E+05 -5.04161E+06 -7.81895E+06 -8.58523E+06 -7.58059E+06 -8.51228E+06 -8.29228E+06 -5.96139E+06 -8.32801E+05 -1.52474E+05 -1.30412E+06 -2.56268E+06 -2.49627E+06 -1.01542E+06  2.04111E+05
  1.96506E+05 -9.32274E+05 -2.23453E+06 -2.11240E+06 -7.93630E+05  4.44787E+05 -8.88723E+04 -4.57925E+06 -7.06997E+06 -7.72622E+06 -6.77413E+06 -7.60806E+06 -7.48659E+06 -5.35667E+06 -5.44683E+05  1.43826E+05 -9.91324E+05 -2.26054E+06 -2.30465E+06 -9.37616E+05  1.99537E+05
  1.94239E+05 -8.28885E+05 -2.04418E+06 -1.96251E+06 -8.64411E+05 -2.82332E+04 -7.92644E+05 -5.12736E+06 -7.06614E+06 -7.59540E+06 -6.67573E+06 -7.48050E+06 -7.40751E+06 -5.70789E+06 -1.11843E+06 -2.57355E+05 -1.01142E+06 -2.07642E+06 -2.10391E+06 -8.34709E+05  1.97192E+05
  1.93695E+05 -7.06677E+05 -1.84772E+06 -1.87925E+06 -1.08171E+06 -7.20042E+05 -1.63097E+06 -5.66690E+06 -7.03868E+06 -7.44721E+06 -6.57831E+06 -7.34891E+06 -7.29861E+06 -6.06360E+06 -1.84073E+06 -8.80151E+05 -1.18567E+06 -1.96262E+06 -1.89612E+06 -7.12499E+05  1.96483E+05
  3.88164E+05 -1.00883E+06 -3.06189E+06 -3.47272E+06 -2.60321E+06 -2.70961E+06 -4.50033E+06 -1.12206E+07 -1.26864E+07 -1.31820E+07 -1.17017E+07 -1.30417E+07 -1.29805E+07 -1.15861E+07 -4.67080E+06 -2.85945E+06 -2.71182E+06 -3.57032E+06 -3.12878E+06 -1.01953E+06  3.93067E+05
  7.62353E+05 -3.58586E+05 -2.97589E+06 -4.00698E+06 -3.51733E+06 -4.11691E+06 -6.12600E+06 -1.30038E+07 -1.37174E+07 -1.40012E+07 -1.24545E+07 -1.38639E+07 -1.38375E+07 -1.30902E+07 -6.14715E+06 -4.16242E+06 -3.56608E+06 -4.06729E+06 -3.03299E+06 -3.73153E+05  7.69046E+05
  8.72177E+05  1.20047E+06 -4.76956E+05 -1.59155E+06 -1.68002E+06 -2.12281E+06 -3.12986E+06 -6.21821E+06 -6.10261E+06 -5.99871E+06 -5.29029E+06 -5.91958E+06 -6.06674E+06 -6.15734E+06 -3.09549E+06 -2.10725E+06 -1.67345E+06 -1.59142E+06 -4.83548E+05  1.20132E+06  8.78547E+05
  1.59080E+05  8.72563E+05  7.91539E+05  4.71204E+05  2.98359E+05  2.90108E+05  3.68465E+05  7.58566E+05  9.34736E+05  1.04329E+06  9.59204E+05  1.05589E+06  9.48855E+05  7.76115E+05  3.76914E+05  2.95178E+05  3.01797E+05  4.73734E+05  7.91520E+05  8.70995E+05  1.58362E+05

 -5.08390E+05 -2.27151E+05  8.73722E+04  1.40443E+05  1.33033E+05  1.65518E+05  2.52986E+05  5.80053E+05  6.96858E+05  7.59364E+05  6.88435E+05  7.52290E+05  6.84975E+05  5.67161E+05  2.46676E+05  1.61312E+05  1.29684E+05  1.36975E+05  8.46876E+04 -2.27275E+05 -5.07774E+05
 -2.38765E+05  3.54924E+05  5.57306E+05  3.96930E+05  2.80635E+05  3.02373E+05  4.33502E+05  1.03254E+06  1.33596E+06  1.50539E+06  1.36777E+06  1.47754E+06  1.29197E+06  9.84443E+05  4.09385E+05  2.88009E+05  2.71163E+05  3.90058E+05  5.54814E+05  3.56453E+05 -2.37126E+05
  6.58221E+04  5.83722E+05  4.06431E+05  5.14309E+03 -1.49347E+05 -2.49352E+05 -3.71527E+05 -5.00268E+05 -1.56514E+05  4.98715E+04  6.85410E+04  9.02770E+03 -2.12321E+05 -5.58430E+05 -4.01125E+05 -2.61027E+05 -1.50680E+05  1.38582E+04  4.22295E+05  5.96467E+05  6.92535E+04
  9.58407E+04  3.79062E+05  9.24870E+04 -2.97258E+05 -4.22787E+05 -5.83075E+05 -8.57074E+05 -1.48689E+06 -1.23758E+06 -1.08561E+06 -9.59425E+05 -1.12317E+06 -1.27742E+06 -1.51942E+06 -8.76014E+05 -5.88024E+05 -4.19885E+05 -2.87023E+05  1.06014E+05  3.88469E+05  9.82267E+04
  6.58047E+04  2.19261E+05  2.87555E+04 -2.21182E+05 -3.05618E+05 -4.23066E+05 -6.25994E+05 -1.10270E+06 -9.50555E+05 -8.59800E+05 -7.64819E+05 -8.84410E+05 -9.71330E+05 -1.11270E+06 -6.34391E+05 -4.25102E+05 -3.04046E+05 -2.16375E+05  3.50490E+04  2.23916E+05  6.70879E+04
  7.86067E+04  2.44363E+05  2.92533E+04 -2.53355E+05 -3.52866E+05 -4.93023E+05 -7.34659E+05 -1.30199E+06 -1.13122E+06 -1.03073E+06 -9.18468E+05 -1.05879E+06 -1.15189E+06 -1.30440E+06 -7.40648E+05 -4.94615E+05 -3.51835E+05 -2.49858E+05  3.43452E+04  2.48666E+05  7.99234E+04
  9.19996E+04  2.74320E+05  4.25139E+04 -2.66802E+05 -3.80230E+05 -5.37787E+05 -8.08122E+05 -1.43869E+06 -1.25127E+06 -1.14244E+06 -1.01872E+06 -1.17312E+06 -1.27172E+06 -1.43208E+06 -8.10450E+05 -5.38881E+05 -3.80233E+05 -2.65399E+05  4.57536E+04  2.78011E+05  9.33230E+04
  1.05951E+05  3.09322E+05  6.95263E+04 -2.59317E+05 -3.84197E+05 -5.51015E+05 -8.35441E+05 -1.49320E+06 -1.29423E+06 -1.17916E+06 -1.05098E+06 -1.21136E+06 -1.31498E+06 -1.47897E+06 -8.33985E+05 -5.51602E+05 -3.85367E+05 -2.60339E+05  7.05473E+04  3.12220E+05  1.07260E+05
  2.55779E+05  7.39636E+05  2.61787E+05 -4.32438E+05 -7.06132E+05 -1.03822E+06 -1.59799E+06 -2.87397E+06 -2.46421E+06 -2.22277E+06 -1.97477E+06 -2.28769E+06 -2.50804E+06 -2.83422E+06 -1.58666E+06 -1.03847E+06 -7.11795E+05 -4.41428E+05  2.57066E+05  7.42844E+05  2.58338E+05
  6.94706E+05  2.02299E+06  1.17354E+06 -2.83416E+05 -9.05683E+05 -1.47503E+06 -2.36856E+06 -4.27938E+06 -3.50197E+06 -3.00959E+06 -2.65042E+06 -3.12406E+06 -3.60000E+06 -4.25321E+06 -2.37277E+06 -1.49422E+06 -9.32193E+05 -3.19368E+05  1.14583E+06  2.02133E+06  6.99762E+05
  9.33152E+05  2.57848E+06  1.48659E+06 -3.60252E+05 -1.13863E+06 -1.84822E+06 -2.97504E+06 -5.44980E+06 -4.60604E+06 -4.02891E+06 -3.53784E+06 -4.11571E+06 -4.68787E+06 -5.47252E+06 -2.99310E+06 -1.86417E+06 -1.15507E+06 -3.82490E+05  1.46727E+06  2.57928E+06  9.38554E+05
  5.40115E+05  1.36063E+06  4.90892E+05 -7.63248E+05 -1.25300E+06 -1.84662E+06 -2.87783E+06 -5.36863E+06 -4.91734E+06 -4.61160E+06 -4.11344E+06 -4.68656E+06 -4.98436E+06 -5.40296E+06 -2.89222E+06 -1.85265E+06 -1.25733E+06 -7.69985E+05  4.83646E+05  1.36042E+06  5.42261E+05
  2.83500E+05  6.79926E+05  1.51126E+05 -5.75851E+05 -8.57711E+05 -1.23966E+06 -1.91412E+06 -3.56987E+06 -3.33505E+06 -3.18684E+06 -2.85640E+06 -3.23512E+06 -3.38184E+06 -3.59731E+06 -1.92376E+06 -1.24224E+06 -8.58862E+05 -5.78341E+05  1.47677E+05  6.79085E+05  2.84299E+05
  2.90647E+05  6.76891E+05  9.11402E+04 -6.98067E+05 -1.00502E+06 -1.44293E+06 -2.21765E+06 -4.12616E+06 -3.88554E+06 -3.74066E+06 -3.36001E+06 -3.79756E+06 -3.94247E+06 -4.16203E+06 -2.22814E+06 -1.44500E+06 -1.00582E+06 -7.00562E+05  8.73357E+04  6.75293E+05  2.91215E+05
  2.96270E+05  6.73873E+05  4.23252E+04 -7.98358E+05 -1.12701E+06 -1.61171E+06 -2.46671E+06 -4.57212E+06 -4.32499E+06 -4.18075E+06 -3.76008E+06 -4.24587E+06 -4.39047E+06 -4.61757E+06 -2.47764E+06 -1.61339E+06 -1.12810E+06 -8.01743E+05  3.74746E+04  6.71198E+05  2.96557E+05
  3.00400E+05  6.72268E+05  9.90746E+03 -8.66209E+05 -1.20919E+06 -1.72346E+06 -2.62584E+06 -4.84030E+06 -4.58253E+06 -4.43236E+06 -3.98780E+06 -4.50368E+06 -4.65223E+06 -4.89496E+06 -2.63732E+06 -1.72522E+06 -1.21104E+06 -8.71013E+05  3.52723E+03  6.68297E+05  3.00376E+05
  6.08282E+05  1.34673E+06 -1.77331E+04 -1.81434E+06 -2.50754E+06 -3.55198E+06 -5.37841E+06 -9.82816E+06 -9.26618E+06 -8.92718E+06 -8.02661E+06 -9.07942E+06 -9.40266E+06 -9.95889E+06 -5.40695E+06 -3.56072E+06 -2.51555E+06 -1.82888E+06 -3.59913E+04  1.33452E+06  6.07257E+05
  1.21048E+06  2.73750E+06  1.81172E+05 -3.24119E+06 -4.53268E+06 -6.39386E+06 -9.57490E+06 -1.70434E+07 -1.55809E+07 -1.47249E+07 -1.31903E+07 -1.49750E+07 -1.58016E+07 -1.73233E+07 -9.65810E+06 -6.43682E+06 -4.56960E+06 -3.29269E+06  1.21839E+05  2.69904E+06  1.20521E+06
  1.11666E+06  2.47320E+06 -1.60694E+05 -3.62027E+06 -4.90676E+06 -6.86751E+06 -1.02524E+07 -1.83314E+07 -1.67632E+07 -1.59157E+07 -1.41436E+07 -1.59844E+07 -1.68837E+07 -1.85044E+07 -1.03258E+07 -6.90081E+06 -4.92475E+06 -3.63674E+06 -1.77711E+05  2.46563E+06  1.11574E+06
  4.94383E+05  1.03417E+06 -4.04967E+05 -2.22726E+06 -2.90938E+06 -4.05676E+06 -6.08899E+06 -1.11221E+07 -1.04329E+07 -1.01285E+07 -8.99104E+06 -1.00778E+07 -1.04679E+07 -1.11683E+07 -6.12770E+06 -4.08169E+06 -2.92258E+06 -2.23159E+06 -3.99744E+05  1.04442E+06  4.96682E+05
  2.28469E+05  4.83085E+05 -2.05092E+05 -1.07549E+06 -1.40487E+06 -1.96433E+06 -2.95551E+06 -5.41842E+06 -5.10632E+06 -4.98298E+06 -4.41830E+06 -4.93484E+06 -5.10932E+06 -5.42411E+06 -2.96700E+06 -1.97453E+06 -1.41137E+06 -1.07826E+06 -2.02337E+05  4.89435E+05  2.29990E+05
  2.15141E+05  4.67644E+05 -1.74562E+05 -9.88521E+05 -1.29329E+06 -1.80789E+06 -2.72393E+06 -5.00479E+06 -4.71764E+06 -4.60411E+06 -4.07738E+06 -4.54702E+06 -4.70756E+06 -4.99711E+06 -2.72907E+06 -1.81590E+06 -1.29922E+06 -9.91531E+05 -1.72210E+05  4.74156E+05  2.16791E+05
  2.01073E+05  4.57825E+05 -1.17412E+05 -8.52237E+05 -1.12123E+06 -1.56528E+06 -2.36046E+06 -4.34084E+06 -4.07731E+06 -3.96684E+06 -3.50719E+06 -3.90916E+06 -4.05737E+06 -4.32127E+06 -2.35970E+06 -1.57098E+06 -1.12639E+06 -8.55398E+05 -1.15820E+05  4.63977E+05  2.02751E+05
  1.86249E+05  4.51646E+05 -4.13936E+04 -6.82834E+05 -9.11615E+05 -1.27214E+06 -1.92006E+06 -3.52955E+06 -3.28997E+06 -3.18032E+06 -2.80496E+06 -3.12777E+06 -3.26405E+06 -3.50136E+06 -1.91431E+06 -1.27491E+06 -9.15350E+05 -6.85688E+05 -4.05746E+04  4.57099E+05  1.87871E+05
  3.25368E+05  8.87840E+05  1.74875E+05 -8.12590E+05 -1.15800E+06 -1.63102E+06 -2.47065E+06 -4.52062E+06 -4.11511E+06 -3.90007E+06 -3.41620E+06 -3.82058E+06 -4.05751E+06 -4.45147E+06 -2.44941E+06 -1.62830E+06 -1.16049E+06 -8.16245E+05  1.74928E+05  8.96271E+05  3.28262E+05
  4.43337E+05  1.62080E+06  1.15356E+06  9.61506E+04 -3.55966E+05 -6.65459E+05 -1.08680E+06 -1.80736E+06 -1.23092E+06 -8.94410E+05 -7.06724E+05 -8.23785E+05 -1.15510E+06 -1.70602E+06 -1.04810E+06 -6.50786E+05 -3.51287E+05  9.54192E+04  1.15143E+06  1.62867E+06  4.47108E+05
  5.03344E+04  1.40564E+06  1.65944E+06  1.09159E+06  7.10734E+05  7.01571E+05  9.10285E+05  1.95837E+06  2.39248E+06  2.63857E+06  2.41258E+06  2.66296E+06  2.42593E+06  2.00510E+06  9.29546E+05  7.10895E+05  7.15309E+05  1.09276E+06  1.65678E+06  1.40778E+06  5.21940E+04
 -5.52703E+05  3.22949E+04  4.89571E+05  4.63325E+05  3.74683E+05  4.24480E+05  5.96957E+05  1.24504E+06  1.39160E+06  1.46624E+06  1.32314E+06  1.46677E+06  1.39220E+06  1.24616E+06  5.96715E+05  4.23685E+05  3.73420E+05  4.60862E+05  4.85355E+05  2.84102E+04 -5.54946E+05

 -5.80192E+05 -5.39603E+05 -2.64906E+05 -1.40587E+05 -8.38011E+04 -7.54550E+04 -8.29487E+04 -1.21935E+05 -1.00880E+05 -9.15820E+04 -7.96905E+04 -9.35837E+04 -1.04474E+05 -1.25935E+05 -8.48541E+04 -7.67214E+04 -8.48073E+04 -1.41600E+05 -2.65471E+05 -5.38754E+05 -5.79156E+05
 -5.79982E+05 -3.72825E+05 -9.43149E+02  1.10357E+05  1.24795E+05  1.65570E+05  2.60863E+05  5.96578E+05  6.92802E+05  7.35234E+05  6.62278E+05  7.31238E+05  6.85247E+05  5.88060E+05  2.56809E+05  1.62966E+05  1.22827E+05  1.08539E+05 -1.77587E+03 -3.71616E+05 -5.78243E+05
 -3.25129E+05 -4.53708E+04  2.61279E+05  3.08177E+05  2.71914E+05  3.24105E+05  4.74301E+05  1.01781E+06  1.14189E+06  1.19373E+06  1.07099E+06  1.19012E+06  1.13598E+06  1.01243E+06  4.72244E+05  3.23267E+05  2.71754E+05  3.08767E+05  2.62837E+05 -4.31834E+04 -3.23406E+05
 -1.64399E+05  3.51184E+04  2.23823E+05  2.39746E+05  2.04195E+05  2.38595E+05  3.44314E+05  7.31575E+05  8.16325E+05  8.50423E+05  7.61511E+05  8.47114E+05  8.12337E+05  7.29503E+05  3.43999E+05  2.38884E+05  2.04846E+05  2.40946E+05  2.25379E+05  3.65312E+04 -1.63380E+05
 -8.21040E+04  3.30342E+04  1.36038E+05  1.41232E+05  1.18496E+05  1.37114E+05  1.96484E+05  4.15844E+05  4.63378E+05  4.82313E+05  4.31561E+05  4.80128E+05  4.61126E+05  4.15168E+05  1.96566E+05  1.37413E+05  1.18930E+05  1.41918E+05  1.36844E+05  3.37207E+04 -8.15700E+04
 -8.18356E+04  4.36598E+04  1.52576E+05  1.55847E+05  1.29690E+05  1.49192E+05  2.12776E+05  4.48824E+05  4.99366E+05  5.19432E+05  4.64623E+05  5.16923E+05  4.96974E+05  4.48435E+05  2.13029E+05  1.49565E+05  1.30146E+05  1.56515E+05  1.53325E+05  4.42948E+04 -8.12892E+04
 -8.15075E+04  5.42238E+04  1.69174E+05  1.70623E+05  1.41103E+05  1.61551E+05  2.29376E+05  4.81910E+05  5.34988E+05  5.56049E+05  4.97290E+05  5.53266E+05  5.32448E+05  4.81744E+05  2.29762E+05  1.61952E+05  1.41528E+05  1.71203E+05  1.69800E+05  5.47740E+04 -8.09524E+04
 -8.11258E+04  6.46951E+04  1.85841E+05  1.85638E+05  1.52868E+05  1.74420E+05  2.46682E+05  5.15905E+05  5.71013E+05  5.92923E+05  5.30251E+05  5.89941E+05  5.68304E+05  5.15823E+05  2.47128E+05  1.74795E+05  1.53214E+05  1.86069E+05  1.86281E+05  6.51296E+04 -8.05650E+04
 -1.60584E+05  1.61331E+05  4.23122E+05  4.18306E+05  3.43270E+05  3.90481E+05  5.49699E+05  1.14111E+06  1.25574E+06  1.30153E+06  1.16405E+06  1.29531E+06  1.24980E+06  1.14056E+06  5.50454E+05  3.90985E+05  3.43608E+05  4.18588E+05  4.23295E+05  1.61796E+05 -1.59440E+05
 -3.11356E+05  4.52634E+05  1.05846E+06  1.03355E+06  8.46041E+05  9.60027E+05  1.34387E+06  2.75546E+06  2.99756E+06  3.09430E+06  2.76735E+06  3.08282E+06  2.98350E+06  2.74810E+06  1.34137E+06  9.57896E+05  8.43781E+05  1.03034E+06  1.05482E+06  4.51715E+05 -3.08898E+05
 -2.87434E+05  6.62548E+05  1.39759E+06  1.35295E+06  1.10437E+06  1.25040E+06  1.74504E+06  3.55926E+06  3.85152E+06  3.96434E+06  3.54405E+06  3.95583E+06  3.83643E+06  3.54241E+06  1.73529E+06  1.24256E+06  1.09690E+06  1.34332E+06  1.38778E+06  6.59265E+05 -2.84669E+05
 -1.31022E+05  4.21462E+05  8.44841E+05  8.17477E+05  6.66766E+05  7.54819E+05  1.05490E+06  2.16077E+06  2.34432E+06  2.41004E+06  2.15223E+06  2.40544E+06  2.33483E+06  2.14787E+06  1.04690E+06  7.48316E+05  6.60656E+05  8.09821E+05  8.37486E+05  4.19088E+05 -1.29506E+05
 -6.30639E+04  2.28446E+05  4.52114E+05  4.38213E+05  3.57607E+05  4.05160E+05  5.67445E+05  1.16739E+06  1.26915E+06  1.30377E+06  1.16352E+06  1.30109E+06  1.26334E+06  1.15905E+06  5.62251E+05  4.00935E+05  3.53670E+05  4.33372E+05  4.47601E+05  2.26973E+05 -6.22918E+04
 -6.18724E+04  2.37925E+05  4.68750E+05  4.55245E+05  3.71890E+05  4.21820E+05  5.91986E+05  1.22199E+06  1.33026E+06  1.36600E+06  1.21863E+06  1.36298E+06  1.32361E+06  1.21220E+06  5.85914E+05  4.16896E+05  3.67327E+05  4.49690E+05  4.63640E+05  2.36229E+05 -6.11005E+04
 -6.11022E+04  2.45119E+05  4.82312E+05  4.69725E+05  3.84391E+05  4.36740E+05  6.14412E+05  1.27255E+06  1.38683E+06  1.42369E+06  1.26982E+06  1.42028E+06  1.37929E+06  1.26118E+06  6.07404E+05  4.31080E+05  3.79167E+05  4.63413E+05  4.76557E+05  2.43155E+05 -6.03446E+04
 -6.07758E+04  2.49927E+05  4.92645E+05  4.81497E+05  3.95011E+05  4.49825E+05  6.34518E+05  1.31827E+06  1.43792E+06  1.47603E+06  1.31642E+06  1.47220E+06  1.42954E+06  1.30535E+06  6.26590E+05  4.43451E+05  3.89142E+05  4.74434E+05  4.86229E+05  2.47666E+05 -6.00463E+04
 -1.22228E+05  5.06660E+05  1.00597E+06  9.89472E+05  8.15642E+05  9.32621E+05  1.32083E+06  2.75442E+06  3.00762E+06  3.08829E+06  2.75480E+06  3.07925E+06  2.98852E+06  2.72462E+06  1.30260E+06  9.18078E+05  8.02283E+05  9.73414E+05  9.91345E+05  5.01248E+05 -1.20890E+05
 -2.57811E+05  9.87641E+05  2.01364E+06  2.00365E+06  1.66513E+06  1.91606E+06  2.72874E+06  5.71732E+06  6.26104E+06  6.44251E+06  5.75135E+06  6.42070E+06  6.21798E+06  5.65308E+06  2.68789E+06  1.88335E+06  1.63497E+06  1.96715E+06  1.97976E+06  9.73919E+05 -2.55846E+05
 -2.75776E+05  9.01578E+05  1.89341E+06  1.88657E+06  1.56467E+06  1.79830E+06  2.56213E+06  5.38813E+06  5.92922E+06  6.12228E+06  5.47772E+06  6.11690E+06  5.91095E+06  5.35637E+06  2.53772E+06  1.77752E+06  1.54480E+06  1.86139E+06  1.86830E+06  8.90900E+05 -2.74373E+05
 -1.43897E+05  3.99196E+05  8.54270E+05  8.42222E+05  6.90100E+05  7.86468E+05  1.11593E+06  2.35454E+06  2.60519E+06  2.69691E+06  2.41717E+06  2.70363E+06  2.61066E+06  2.35695E+06  1.11375E+06  7.83356E+05  6.86374E+05  8.36452E+05  8.47307E+05  3.96227E+05 -1.43252E+05
 -7.45968E+04  1.80392E+05  3.94769E+05  3.87957E+05  3.16351E+05  3.59137E+05  5.08332E+05  1.07271E+06  1.18876E+06  1.23184E+06  1.10493E+06  1.23685E+06  1.19424E+06  1.07707E+06  5.08848E+05  3.58626E+05  3.15314E+05  3.85964E+05  3.92046E+05  1.79227E+05 -7.43163E+04
 -7.68209E+04  1.65307E+05  3.70372E+05  3.64152E+05  2.96676E+05  3.36448E+05  4.75566E+05  1.00212E+06  1.11035E+06  1.15116E+06  1.03302E+06  1.15670E+06  1.11697E+06  1.00773E+06  4.76722E+05  3.36352E+05  2.95974E+05  3.62540E+05  3.67991E+05  1.64274E+05 -7.65765E+04
 -7.93488E+04  1.48300E+05  3.43574E+05  3.38853E+05  2.76441E+05  3.13645E+05  4.42913E+05  9.30812E+05  1.03003E+06  1.06817E+06  9.58840E+05  1.07366E+06  1.03703E+06  9.36881E+05  4.44340E+05  3.13734E+05  2.75900E+05  3.37451E+05  3.41399E+05  1.47332E+05 -7.91453E+04
 -8.21344E+04  1.29561E+05  3.14544E+05  3.12020E+05  2.55398E+05  2.90266E+05  4.09690E+05  8.57923E+05  9.47283E+05  9.82384E+05  8.81968E+05  9.87345E+05  9.53998E+05  8.63783E+05  4.11106E+05  2.90390E+05  2.54913E+05  3.10723E+05  3.12491E+05  1.28610E+05 -8.19744E+04
 -1.73324E+05  1.98070E+05  5.35349E+05  5.38260E+05  4.43889E+05  5.06481E+05  7.14860E+05  1.48833E+06  1.63640E+06  1.69646E+06  1.52308E+06  1.70385E+06  1.64728E+06  1.49781E+06  7.17021E+05  5.06517E+05  4.42900E+05  5.35844E+05  5.31544E+05  1.96180E+05 -1.73132E+05
 -3.82556E+05  1.34815E+05  6.63642E+05  6.97550E+05  5.85125E+05  6.73178E+05  9.52250E+05  1.97013E+06  2.15200E+06  2.22844E+06  1.99976E+06  2.23310E+06  2.16010E+06  1.97663E+06  9.52613E+05  6.71750E+05  5.82679E+05  6.93093E+05  6.57204E+05  1.31168E+05 -3.82586E+05
 -8.10096E+05 -4.56866E+05  1.49070E+05  2.90664E+05  2.76748E+05  3.37316E+05  4.95104E+05  1.04751E+06  1.14412E+06  1.18182E+06  1.05965E+06  1.18046E+06  1.14236E+06  1.04412E+06  4.91921E+05  3.34200E+05  2.73369E+05  2.85617E+05  1.42272E+05 -4.61597E+05 -8.10785E+05
 -9.03876E+05 -8.54468E+05 -4.10309E+05 -2.15437E+05 -1.29100E+05 -1.17984E+05 -1.33831E+05 -2.12884E+05 -1.96280E+05 -1.89805E+05 -1.66590E+05 -1.90646E+05 -1.97743E+05 -2.15018E+05 -1.35264E+05 -1.19219E+05 -1.30370E+05 -2.17319E+05 -4.13084E+05 -8.57750E+05 -9.05652E+05

 -5.62484E+05 -6.95095E+05 -4.64255E+05 -3.10965E+05 -2.19466E+05 -2.28481E+05 -2.97367E+05 -5.64900E+05 -5.95030E+05 -6.14297E+05 -5.51751E+05 -6.15480E+05 -5.97033E+05 -5.66977E+05 -2.98261E+05 -2.29021E+05 -2.19840E+05 -3.11223E+05 -4.64032E+05 -6.93716E+05 -5.61442E+05
 -7.34773E+05 -8.58352E+05 -5.34273E+05 -3.34727E+05 -2.25904E+05 -2.27444E+05 -2.86669E+05 -5.26732E+05 -5.45901E+05 -5.62483E+05 -5.05838E+05 -5.65362E+05 -5.50995E+05 -5.32232E+05 -2.89180E+05 -2.29061E+05 -2.27145E+05 -3.35905E+05 -5.34782E+05 -8.57285E+05 -7.33482E+05
 -5.32212E+05 -5.88981E+05 -3.29591E+05 -1.80876E+05 -1.09898E+05 -1.01427E+05 -1.17051E+05 -1.97530E+05 -2.00834E+05 -2.10712E+05 -1.91467E+05 -2.13034E+05 -2.04891E+05 -2.01614E+05 -1.18709E+05 -1.02392E+05 -1.10555E+05 -1.81357E+05 -3.29465E+05 -5.87727E+05 -5.30682E+05
 -3.09487E+05 -3.32856E+05 -1.73178E+05 -8.46840E+04 -4.58283E+04 -3.76689E+04 -3.78287E+04 -5.50319E+04 -5.55055E+04 -6.15202E+04 -5.72383E+04 -6.29383E+04 -5.78652E+04 -5.72346E+04 -3.86347E+04 -3.81057E+04 -4.61061E+04 -8.48713E+04 -1.73116E+05 -3.32260E+05 -3.08535E+05
 -1.65642E+05 -1.76335E+05 -8.92431E+04 -4.15379E+04 -2.12255E+04 -1.63199E+04 -1.49056E+04 -1.92633E+04 -1.96518E+04 -2.30940E+04 -2.19536E+04 -2.38871E+04 -2.09315E+04 -2.04309E+04 -1.53271E+04 -1.65508E+04 -2.13789E+04 -4.16609E+04 -8.92734E+04 -1.76095E+05 -1.65127E+05
 -1.72850E+05 -1.83082E+05 -9.14193E+04 -4.15172E+04 -2.05940E+04 -1.52630E+04 -1.31670E+04 -1.57534E+04 -1.64403E+04 -2.02494E+04 -1.95442E+04 -2.11089E+04 -1.78025E+04 -1.69905E+04 -1.36193E+04 -1.55182E+04 -2.07728E+04 -4.16812E+04 -9.15158E+04 -1.82897E+05 -1.72311E+05
 -1.80040E+05 -1.90054E+05 -9.40867E+04 -4.20847E+04 -2.05132E+04 -1.48843E+04 -1.24304E+04 -1.43199E+04 -1.54700E+04 -1.97083E+04 -1.92001E+04 -2.06427E+04 -1.69333E+04 -1.56574E+04 -1.29340E+04 -1.51800E+04 -2.07325E+04 -4.23084E+04 -9.42693E+04 -1.89936E+05 -1.79477E+05
 -1.87185E+05 -1.97244E+05 -9.72675E+04 -4.32705E+04 -2.10104E+04 -1.52142E+04 -1.27341E+04 -1.50253E+04 -1.67995E+04 -2.15324E+04 -2.09788E+04 -2.25502E+04 -1.83873E+04 -1.65009E+04 -1.33133E+04 -1.55689E+04 -2.12867E+04 -4.35735E+04 -9.75552E+04 -1.97204E+05 -1.86599E+05
 -3.95307E+05 -4.16372E+05 -2.05496E+05 -9.19324E+04 -4.52601E+04 -3.35778E+04 -2.95683E+04 -3.87835E+04 -4.48005E+04 -5.60534E+04 -5.40803E+04 -5.83672E+04 -4.84410E+04 -4.22952E+04 -3.10412E+04 -3.45289E+04 -4.60389E+04 -9.28385E+04 -2.06439E+05 -4.16535E+05 -3.94058E+05
 -8.69969E+05 -9.20657E+05 -4.60991E+05 -2.13100E+05 -1.10600E+05 -8.84428E+04 -8.83659E+04 -1.39713E+05 -1.65212E+05 -1.97006E+05 -1.86618E+05 -2.02793E+05 -1.74849E+05 -1.49915E+05 -9.31825E+04 -9.17804E+04 -1.13470E+05 -2.16558E+05 -4.64654E+05 -9.21912E+05 -8.67083E+05
 -9.63721E+05 -1.02238E+06 -5.06046E+05 -2.25660E+05 -1.12811E+05 -8.70618E+04 -8.44619E+04 -1.37994E+05 -1.80879E+05 -2.27312E+05 -2.18083E+05 -2.33777E+05 -1.92689E+05 -1.52216E+05 -9.20466E+04 -9.26329E+04 -1.17752E+05 -2.31669E+05 -5.12188E+05 -1.02444E+06 -9.60074E+05
 -5.09455E+05 -5.38327E+05 -2.55422E+05 -1.00347E+05 -4.11171E+04 -2.32094E+04 -1.16604E+04 -8.91051E+03 -3.38950E+04 -6.25153E+04 -6.51723E+04 -6.54658E+04 -3.98790E+04 -1.68800E+04 -1.61976E+04 -2.66365E+04 -4.41960E+04 -1.04101E+05 -2.59158E+05 -5.39347E+05 -5.07264E+05
 -2.60325E+05 -2.75222E+05 -1.28441E+05 -4.71392E+04 -1.66561E+04 -6.27497E+03  2.36614E+03  1.20134E+04 -1.23881E+03 -1.69462E+04 -2.02364E+04 -1.82784E+04 -4.20318E+03  7.79752E+03 -1.18295E+02 -8.17852E+03 -1.83776E+04 -4.92407E+04 -1.30505E+05 -2.75728E+05 -2.59136E+05
 -2.63604E+05 -2.79165E+05 -1.29401E+05 -4.57361E+04 -1.45949E+04 -3.33098E+03  7.02440E+03  2.15666E+04  7.85599E+03 -8.75885E+03 -1.31887E+04 -9.97367E+03  4.91731E+03  1.71830E+04  4.38597E+03 -5.36893E+03 -1.64447E+04 -4.79950E+04 -1.31602E+05 -2.79668E+05 -2.62354E+05
 -2.66479E+05 -2.83067E+05 -1.30941E+05 -4.51381E+04 -1.32804E+04 -1.27458E+03  1.04397E+04  2.87656E+04  1.46109E+04 -2.86230E+03 -8.15886E+03 -3.95602E+03  1.16907E+04  2.41946E+04  7.63494E+03 -3.45617E+03 -1.52668E+04 -4.75647E+04 -1.33290E+05 -2.83576E+05 -2.65175E+05
 -2.68936E+05 -2.86918E+05 -1.33118E+05 -4.54735E+04 -1.28620E+04 -3.11597E+02  1.22871E+04  3.29289E+04  1.83337E+04  7.59811E+01 -5.73721E+03 -9.00270E+02  1.54230E+04  2.81567E+04  9.30838E+03 -2.64212E+03 -1.49898E+04 -4.80737E+04 -1.35620E+05 -2.87445E+05 -2.67584E+05
 -5.43895E+05 -5.85129E+05 -2.74714E+05 -9.50608E+04 -2.75564E+04 -1.58182E+03  2.45089E+04  6.73910E+04  3.70518E+04 -1.38607E+03 -1.33203E+04 -3.03286E+03  3.12375E+04  5.72548E+04  1.80470E+04 -6.67093E+03 -3.22166E+04 -1.00756E+05 -2.80157E+05 -5.86243E+05 -5.41069E+05
 -1.10081E+06 -1.20926E+06 -5.91531E+05 -2.23754E+05 -8.06748E+04 -3.06094E+04  1.30506E+04  6.82733E+04  3.74006E+03 -7.69006E+04 -9.35975E+04 -7.95573E+04 -7.88054E+03  4.62563E+04 -1.43884E+03 -4.21358E+04 -9.12800E+04 -2.36733E+05 -6.03877E+05 -1.21188E+06 -1.09492E+06
 -1.08065E+06 -1.20894E+06 -6.10411E+05 -2.45921E+05 -1.00293E+05 -5.37892E+04 -2.00425E+04  2.08116E+03 -6.40386E+04 -1.42000E+05 -1.49780E+05 -1.42554E+05 -7.23523E+04 -1.75394E+04 -3.36644E+04 -6.48939E+04 -1.10707E+05 -2.58969E+05 -6.23314E+05 -1.21240E+06 -1.07520E+06
 -5.18278E+05 -5.83284E+05 -2.97396E+05 -1.22325E+05 -5.17776E+04 -3.01637E+04 -1.61112E+04 -1.31956E+04 -4.49747E+04 -8.03802E+04 -8.17771E+04 -7.98334E+04 -4.71525E+04 -2.06867E+04 -2.16828E+04 -3.48533E+04 -5.62941E+04 -1.28177E+05 -3.03507E+05 -5.85312E+05 -5.15936E+05
 -2.52374E+05 -2.85675E+05 -1.48104E+05 -6.35040E+04 -2.88444E+04 -1.91202E+04 -1.43496E+04 -1.97051E+04 -3.51690E+04 -5.16455E+04 -5.06370E+04 -5.12480E+04 -3.58230E+04 -2.28051E+04 -1.67672E+04 -2.11961E+04 -3.08739E+04 -6.61800E+04 -1.50978E+05 -2.86724E+05 -2.51311E+05
 -2.47501E+05 -2.81658E+05 -1.48451E+05 -6.61992E+04 -3.19221E+04 -2.31788E+04 -2.05234E+04 -3.23063E+04 -4.74498E+04 -6.30352E+04 -6.04668E+04 -6.25976E+04 -4.78727E+04 -3.49894E+04 -2.26873E+04 -2.50619E+04 -3.37812E+04 -6.86789E+04 -1.51166E+05 -2.82707E+05 -2.46511E+05
 -2.42251E+05 -2.77499E+05 -1.49319E+05 -6.97321E+04 -3.58212E+04 -2.82504E+04 -2.81635E+04 -4.77868E+04 -6.26426E+04 -7.73292E+04 -7.28910E+04 -7.68945E+04 -6.29047E+04 -5.00979E+04 -3.00846E+04 -2.99420E+04 -3.75058E+04 -7.20026E+04 -1.51852E+05 -2.78531E+05 -2.41333E+05
 -2.36647E+05 -2.73180E+05 -1.50593E+05 -7.39206E+04 -4.03531E+04 -3.40911E+04 -3.69018E+04 -6.53999E+04 -7.99925E+04 -9.37880E+04 -8.72537E+04 -9.33904E+04 -8.01567E+04 -6.73837E+04 -3.85914E+04 -3.55937E+04 -4.18607E+04 -7.59723E+04 -1.52924E+05 -2.74178E+05 -2.35798E+05
 -4.55417E+05 -5.32733E+05 -3.05749E+05 -1.61687E+05 -9.54965E+04 -8.71045E+04 -1.01941E+05 -1.87227E+05 -2.15618E+05 -2.40609E+05 -2.20890E+05 -2.39981E+05 -2.15806E+05 -1.90347E+05 -1.04668E+05 -8.95568E+04 -9.79802E+04 -1.65110E+05 -3.09741E+05 -5.34560E+05 -4.53918E+05
 -8.30759E+05 -9.99797E+05 -6.21918E+05 -3.71798E+05 -2.43716E+05 -2.41805E+05 -3.04307E+05 -5.75460E+05 -6.28921E+05 -6.69414E+05 -6.06271E+05 -6.68820E+05 -6.29205E+05 -5.79117E+05 -3.07554E+05 -2.44768E+05 -2.46762E+05 -3.76093E+05 -6.27176E+05 -1.00249E+06 -8.28451E+05
 -1.27586E+06 -1.56882E+06 -1.04552E+06 -6.85095E+05 -4.77329E+05 -4.93298E+05 -6.39494E+05 -1.21792E+06 -1.29308E+06 -1.34062E+06 -1.20406E+06 -1.34005E+06 -1.29278E+06 -1.21948E+06 -6.41121E+05 -4.94892E+05 -4.79064E+05 -6.87718E+05 -1.04914E+06 -1.57110E+06 -1.27333E+06
 -1.06932E+06 -1.32334E+06 -8.98809E+05 -6.06355E+05 -4.29577E+05 -4.48340E+05 -5.84708E+05 -1.11237E+06 -1.16809E+06 -1.20018E+06 -1.07485E+06 -1.19976E+06 -1.16752E+06 -1.11214E+06 -5.84820E+05 -4.48562E+05 -4.29905E+05 -6.07007E+05 -9.00107E+05 -1.32535E+06 -1.06915E+06

  1.87235E+05  8.60888E+04  1.04289E+04 -6.87808E+03 -1.02675E+04 -1.47782E+04 -2.46044E+04 -6.00054E+04 -7.60753E+04 -8.61262E+04 -7.94054E+04 -8.60228E+04 -7.58485E+04 -5.96516E+04 -2.43602E+04 -1.45673E+04 -1.00490E+04 -6.54967E+03  1.09307E+04  8.67037E+04  1.86980E+05
  9.37555E+04 -5.18939E+04 -8.90089E+04 -7.62425E+04 -6.03557E+04 -6.77712E+04 -9.46427E+04 -1.95406E+05 -2.20486E+05 -2.36014E+05 -2.14285E+05 -2.36309E+05 -2.20954E+05 -1.95859E+05 -9.48387E+04 -6.78949E+04 -6.04511E+04 -7.63399E+04 -8.90920E+04 -5.20312E+04  9.30257E+04
  9.01233E+03 -9.68731E+04 -1.04510E+05 -8.26568E+04 -6.33513E+04 -6.97306E+04 -9.56570E+04 -1.93459E+05 -2.14529E+05 -2.27464E+05 -2.05958E+05 -2.27832E+05 -2.15115E+05 -1.94028E+05 -9.59045E+04 -6.98865E+04 -6.34704E+04 -8.27741E+04 -1.04586E+05 -9.68627E+04  8.83026E+03
 -8.93141E+03 -7.10856E+04 -7.10870E+04 -5.52432E+04 -4.20205E+04 -4.60300E+04 -6.28672E+04 -1.26481E+05 -1.39609E+05 -1.47632E+05 -1.33564E+05 -1.47871E+05 -1.39987E+05 -1.26844E+05 -6.30230E+04 -4.61269E+04 -4.20933E+04 -5.53121E+04 -7.11224E+04 -7.10310E+04 -8.92419E+03
 -8.19661E+03 -4.16769E+04 -4.06347E+04 -3.13844E+04 -2.38090E+04 -2.60368E+04 -3.55061E+04 -7.13025E+04 -7.85714E+04 -8.30024E+04 -7.50681E+04 -8.31327E+04 -7.87770E+04 -7.15000E+04 -3.55907E+04 -2.60893E+04 -2.38482E+04 -3.14210E+04 -4.06512E+04 -4.16340E+04 -8.16179E+03
 -1.07911E+04 -4.59043E+04 -4.41481E+04 -3.39839E+04 -2.57439E+04 -2.81273E+04 -3.83250E+04 -7.68862E+04 -8.46450E+04 -8.93668E+04 -8.08081E+04 -8.95031E+04 -8.48600E+04 -7.70932E+04 -3.84138E+04 -2.81824E+04 -2.57851E+04 -3.40222E+04 -4.41638E+04 -4.58502E+04 -1.07332E+04
 -1.34541E+04 -5.02256E+04 -4.77456E+04 -3.66490E+04 -2.77292E+04 -3.02735E+04 -4.12208E+04 -8.26260E+04 -9.08912E+04 -9.59131E+04 -8.67118E+04 -9.60539E+04 -9.11136E+04 -8.28412E+04 -4.13133E+04 -3.03311E+04 -2.77723E+04 -3.66887E+04 -4.77603E+04 -5.01590E+04 -1.33710E+04
 -1.61707E+04 -5.46230E+04 -5.14159E+04 -3.93723E+04 -2.97600E+04 -3.24703E+04 -4.41868E+04 -8.85097E+04 -9.72973E+04 -1.02628E+05 -9.27677E+04 -1.02772E+05 -9.75252E+04 -8.87317E+04 -4.42828E+04 -3.25302E+04 -2.98048E+04 -3.94134E+04 -5.14291E+04 -5.45425E+04 -1.60602E+04
 -4.06126E+04 -1.22614E+05 -1.14047E+05 -8.70891E+04 -6.57518E+04 -7.16894E+04 -9.74942E+04 -1.95131E+05 -2.14327E+05 -2.25945E+05 -2.04192E+05 -2.26237E+05 -2.14794E+05 -1.95593E+05 -9.76968E+04 -7.18168E+04 -6.58475E+04 -8.71766E+04 -1.14070E+05 -1.22409E+05 -4.03026E+04
 -1.14374E+05 -2.98990E+05 -2.73739E+05 -2.08347E+05 -1.57105E+05 -1.71164E+05 -2.32615E+05 -4.65148E+05 -5.10369E+05 -5.37617E+05 -4.85692E+05 -5.38184E+05 -5.11308E+05 -4.66133E+05 -2.33064E+05 -1.71453E+05 -1.57324E+05 -2.08547E+05 -2.73765E+05 -2.98367E+05 -1.13346E+05
 -1.56404E+05 -3.68415E+05 -3.34088E+05 -2.54070E+05 -1.91574E+05 -2.08727E+05 -2.83674E+05 -5.67200E+05 -6.22080E+05 -6.54966E+05 -5.91542E+05 -6.55455E+05 -6.22947E+05 -5.68196E+05 -2.84148E+05 -2.09036E+05 -1.91805E+05 -2.54262E+05 -3.34014E+05 -3.67364E+05 -1.54700E+05
 -9.17270E+04 -2.07145E+05 -1.87620E+05 -1.42859E+05 -1.07802E+05 -1.17518E+05 -1.59789E+05 -3.19633E+05 -3.50588E+05 -3.69059E+05 -3.33270E+05 -3.69250E+05 -3.50957E+05 -3.20094E+05 -1.60011E+05 -1.17659E+05 -1.07903E+05 -1.42925E+05 -1.87509E+05 -2.06413E+05 -9.05936E+04
 -4.86391E+04 -1.08389E+05 -9.82425E+04 -7.48771E+04 -5.65325E+04 -6.16484E+04 -8.38484E+04 -1.67772E+05 -1.84036E+05 -1.93721E+05 -1.74924E+05 -1.93800E+05 -1.84199E+05 -1.67988E+05 -8.39529E+04 -6.17144E+04 -5.65776E+04 -7.49009E+04 -9.81662E+04 -1.07969E+05 -4.80027E+04
 -5.02295E+04 -1.11197E+05 -1.00870E+05 -7.69356E+04 -5.81088E+04 -6.33828E+04 -8.62251E+04 -1.72560E+05 -1.89300E+05 -1.99257E+05 -1.79915E+05 -1.99323E+05 -1.89447E+05 -1.72765E+05 -8.63241E+04 -6.34446E+04 -5.81496E+04 -7.69522E+04 -1.00779E+05 -1.10741E+05 -4.95475E+04
 -5.15989E+04 -1.13652E+05 -1.03203E+05 -7.87751E+04 -5.95214E+04 -6.49396E+04 -8.83610E+04 -1.76867E+05 -1.94035E+05 -2.04236E+05 -1.84403E+05 -2.04287E+05 -1.94165E+05 -1.77058E+05 -8.84537E+04 -6.49967E+04 -5.95574E+04 -7.87840E+04 -1.03097E+05 -1.13160E+05 -5.08728E+04
 -5.27338E+04 -1.15726E+05 -1.05213E+05 -8.03723E+04 -6.07522E+04 -6.62986E+04 -9.02281E+04 -1.80635E+05 -1.98178E+05 -2.08588E+05 -1.88325E+05 -2.08625E+05 -1.98288E+05 -1.80811E+05 -9.03137E+04 -6.63504E+04 -6.07830E+04 -8.03730E+04 -1.05091E+05 -1.15199E+05 -5.19661E+04
 -1.07964E+05 -2.36203E+05 -2.15175E+05 -1.64565E+05 -1.24464E+05 -1.35875E+05 -1.84970E+05 -3.70393E+05 -4.06385E+05 -4.27711E+05 -3.86137E+05 -4.27736E+05 -4.06541E+05 -3.70691E+05 -1.85115E+05 -1.35959E+05 -1.24507E+05 -1.64537E+05 -2.14881E+05 -2.35047E+05 -1.06312E+05
 -2.19062E+05 -4.79987E+05 -4.39133E+05 -3.36565E+05 -2.54815E+05 -2.78350E+05 -3.79106E+05 -7.59407E+05 -8.33212E+05 -8.76817E+05 -7.91494E+05 -8.76661E+05 -8.33214E+05 -7.59707E+05 -3.79250E+05 -2.78411E+05 -2.54800E+05 -3.36370E+05 -4.38327E+05 -4.77311E+05 -2.15378E+05
 -2.07779E+05 -4.63266E+05 -4.26616E+05 -3.27764E+05 -2.48417E+05 -2.71524E+05 -3.69965E+05 -7.41240E+05 -8.13070E+05 -8.55300E+05 -7.71886E+05 -8.54864E+05 -8.12620E+05 -7.41089E+05 -3.69899E+05 -2.71444E+05 -2.48285E+05 -3.27436E+05 -4.25673E+05 -4.60464E+05 -2.03936E+05
 -9.40603E+04 -2.15323E+05 -1.99346E+05 -1.53336E+05 -1.16260E+05 -1.27094E+05 -1.73178E+05 -3.46918E+05 -3.80378E+05 -3.99980E+05 -3.60895E+05 -3.99679E+05 -3.79999E+05 -3.46675E+05 -1.73070E+05 -1.27008E+05 -1.16162E+05 -1.53150E+05 -1.98887E+05 -2.14015E+05 -9.22099E+04
 -4.38780E+04 -1.02291E+05 -9.49397E+04 -7.30447E+04 -5.53816E+04 -6.05386E+04 -8.24816E+04 -1.65202E+05 -1.81095E+05 -1.90397E+05 -1.71777E+05 -1.90233E+05 -1.80876E+05 -1.65041E+05 -8.24084E+04 -6.04833E+04 -5.53237E+04 -7.29441E+04 -9.47134E+04 -1.01669E+05 -4.29848E+04
 -4.15644E+04 -9.83033E+04 -9.13907E+04 -7.03168E+04 -5.33089E+04 -5.82678E+04 -7.93795E+04 -1.58966E+05 -1.74235E+05 -1.83168E+05 -1.65247E+05 -1.82999E+05 -1.74000E+05 -1.58781E+05 -7.92941E+04 -5.82043E+04 -5.32448E+04 -7.02110E+04 -9.11664E+04 -9.77050E+04 -4.06969E+04
 -3.90890E+04 -9.40011E+04 -8.75445E+04 -6.73553E+04 -5.10573E+04 -5.58002E+04 -7.60079E+04 -1.52188E+05 -1.66784E+05 -1.75323E+05 -1.58164E+05 -1.75152E+05 -1.66538E+05 -1.51985E+05 -7.59119E+04 -5.57294E+04 -5.09876E+04 -6.72451E+04 -8.73232E+04 -9.34286E+04 -3.82506E+04
 -3.64748E+04 -8.94234E+04 -8.34398E+04 -6.41918E+04 -4.86514E+04 -5.31633E+04 -7.24053E+04 -1.44950E+05 -1.58830E+05 -1.66954E+05 -1.50609E+05 -1.66783E+05 -1.58579E+05 -1.44731E+05 -7.23006E+04 -5.30864E+04 -4.85771E+04 -6.40781E+04 -8.32223E+04 -8.88785E+04 -3.56681E+04
 -6.47179E+04 -1.64296E+05 -1.53797E+05 -1.18298E+05 -8.96335E+04 -9.79229E+04 -1.33334E+05 -2.66856E+05 -2.92371E+05 -3.07317E+05 -2.77228E+05 -3.06988E+05 -2.91868E+05 -2.66391E+05 -1.33106E+05 -9.77559E+04 -8.94747E+04 -1.18064E+05 -1.53377E+05 -1.63293E+05 -6.32083E+04
 -9.47135E+04 -2.66252E+05 -2.51569E+05 -1.93493E+05 -1.46540E+05 -1.60028E+05 -2.17814E+05 -4.35797E+05 -4.77475E+05 -5.01985E+05 -4.52863E+05 -5.01421E+05 -4.76571E+05 -4.34887E+05 -2.17350E+05 -1.59686E+05 -1.46220E+05 -1.93040E+05 -2.50824E+05 -2.64619E+05 -9.21521E+04
 -5.49660E+04 -2.83105E+05 -2.82283E+05 -2.19033E+05 -1.66387E+05 -1.82022E+05 -2.48145E+05 -4.97562E+05 -5.46419E+05 -5.75435E+05 -5.19411E+05 -5.74832E+05 -5.45408E+05 -4.96470E+05 -2.47573E+05 -1.81597E+05 -1.65992E+05 -2.18491E+05 -2.81455E+05 -2.81369E+05 -5.17334E+04
  1.14117E+05 -3.40812E+04 -9.55495E+04 -8.61831E+04 -6.94680E+04 -7.87815E+04 -1.10868E+05 -2.30517E+05 -2.60830E+05 -2.79172E+05 -2.53254E+05 -2.78990E+05 -2.60529E+05 -2.30207E+05 -1.10720E+05 -7.86827E+04 -6.93867E+04 -8.60904E+04 -9.54410E+04 -3.37566E+04  1.15717E+05

  5.23490E+05  4.80577E+05  2.78902E+05  1.76813E+05  1.21207E+05  1.23547E+05  1.57326E+05  2.89847E+05  2.96066E+05  2.99727E+05  2.67433E+05  2.99861E+05  2.96321E+05  2.90180E+05  1.57524E+05  1.23705E+05  1.21360E+05  1.77024E+05  2.79179E+05  4.80755E+05  5.22548E+05
  4.94984E+05  4.18740E+05  2.36530E+05  1.48013E+05  1.00711E+05  1.02097E+05  1.29292E+05  2.36516E+05  2.39931E+05  2.41920E+05  2.15531E+05  2.41936E+05  2.39962E+05  2.36550E+05  1.29300E+05  1.02096E+05  1.00702E+05  1.47979E+05  2.36411E+05  4.18255E+05  4.93378E+05
  2.94103E+05  2.43133E+05  1.33986E+05  8.26054E+04  5.56889E+04  5.60542E+04  7.04532E+04  1.27570E+05  1.28144E+05  1.28455E+05  1.14224E+05  1.28443E+05  1.28127E+05  1.27555E+05  7.04413E+04  5.60426E+04  5.56745E+04  8.25772E+04  1.33915E+05  2.42875E+05  2.93230E+05
  1.56583E+05  1.28089E+05  6.95630E+04  4.24937E+04  2.84801E+04  2.85361E+04  3.56916E+04  6.41934E+04  6.40631E+04  6.39710E+04  5.68147E+04  6.39660E+04  6.40576E+04  6.41918E+04  3.56907E+04  2.85352E+04  2.84786E+04  4.24892E+04  6.95448E+04  1.27992E+05  1.56175E+05
  8.03877E+04  6.54203E+04  3.52517E+04  2.14260E+04  1.43137E+04  1.43053E+04  1.78435E+04  3.19701E+04  3.17867E+04  3.16707E+04  2.81084E+04  3.16696E+04  3.17867E+04  3.19736E+04  1.78459E+04  1.43074E+04  1.43157E+04  2.14281E+04  3.52501E+04  6.53855E+04  8.01974E+04
  8.16711E+04  6.62387E+04  3.54998E+04  2.15010E+04  1.43311E+04  1.42969E+04  1.77981E+04  3.18020E+04  3.15349E+04  3.13698E+04  2.78275E+04  3.13701E+04  3.15377E+04  3.18093E+04  1.78031E+04  1.43011E+04  1.43353E+04  2.15066E+04  3.55043E+04  6.62146E+04  8.14923E+04
  8.28743E+04  6.69856E+04  3.57008E+04  2.15439E+04  1.43256E+04  1.42644E+04  1.77213E+04  3.15733E+04  3.12192E+04  3.10029E+04  2.74877E+04  3.10051E+04  3.12256E+04  3.15855E+04  1.77294E+04  1.42713E+04  1.43326E+04  2.15538E+04  3.57124E+04  6.69739E+04  8.27087E+04
  8.39961E+04  6.76606E+04  3.58549E+04  2.15551E+04  1.42976E+04  1.42082E+04  1.76135E+04  3.12852E+04  3.08407E+04  3.05715E+04  2.70901E+04  3.05761E+04  3.08516E+04  3.13033E+04  1.76253E+04  1.42183E+04  1.43078E+04  2.15699E+04  3.58746E+04  6.76629E+04  8.38459E+04
  1.71021E+05  1.37062E+05  7.19903E+04  4.30218E+04  2.84244E+04  2.81576E+04  3.47853E+04  6.14815E+04  6.03105E+04  5.96076E+04  5.27723E+04  5.96254E+04  6.03481E+04  6.15383E+04  3.48217E+04  2.81884E+04  2.84558E+04  4.30680E+04  7.20570E+04  1.37113E+05  1.70773E+05
  3.51898E+05  2.79182E+05  1.43909E+05  8.48924E+04  5.56016E+04  5.46907E+04  6.70360E+04  1.17150E+05  1.13615E+05  1.11518E+05  9.85241E+04  1.11598E+05  1.13771E+05  1.17367E+05  6.71717E+04  5.48042E+04  5.57171E+04  8.50645E+04  1.44172E+05  2.79506E+05  3.51657E+05
  3.60782E+05  2.82183E+05  1.41569E+05  8.18754E+04  5.28948E+04  5.14389E+04  6.22464E+04  1.06743E+05  1.01519E+05  9.84561E+04  8.66688E+04  9.86140E+04  1.01817E+05  1.07139E+05  6.24923E+04  5.16435E+04  5.31026E+04  8.21857E+04  1.42054E+05  2.82880E+05  3.60965E+05
  1.82123E+05  1.40935E+05  6.92597E+04  3.94194E+04  2.51756E+04  2.42449E+04  2.90115E+04  4.89154E+04  4.56927E+04  4.38171E+04  3.84386E+04  4.39260E+04  4.58967E+04  4.91846E+04  2.91787E+04  2.43839E+04  2.53169E+04  3.96308E+04  6.95925E+04  1.41435E+05  1.82390E+05
  9.12821E+04  7.03162E+04  3.42279E+04  1.93322E+04  1.22774E+04  1.17662E+04  1.40000E+04  2.34003E+04  2.16530E+04  2.06393E+04  1.80721E+04  2.07004E+04  2.17673E+04  2.35509E+04  1.40936E+04  1.18442E+04  1.23567E+04  1.94509E+04  3.44153E+04  7.06015E+04  9.14584E+04
  9.13620E+04  7.01934E+04  3.39697E+04  1.90947E+04  1.20835E+04  1.15445E+04  1.36862E+04  2.27465E+04  2.09173E+04  1.98579E+04  1.73662E+04  1.99231E+04  2.10391E+04  2.29069E+04  1.37860E+04  1.16276E+04  1.21681E+04  1.92214E+04  3.41701E+04  7.05012E+04  9.15663E+04
  9.13861E+04  7.00500E+04  3.37204E+04  1.88706E+04  1.19020E+04  1.13380E+04  1.33950E+04  2.21423E+04  2.02397E+04  1.91397E+04  1.67176E+04  1.92086E+04  2.03684E+04  2.23117E+04  1.35005E+04  1.14259E+04  1.19915E+04  1.90047E+04  3.39329E+04  7.03788E+04  9.16175E+04
  9.13572E+04  6.98911E+04  3.34856E+04  1.86646E+04  1.17366E+04  1.11507E+04  1.31320E+04  2.15993E+04  1.96331E+04  1.84980E+04  1.61385E+04  1.85703E+04  1.97679E+04  2.17768E+04  1.32427E+04  1.12430E+04  1.18305E+04  1.88055E+04  3.37092E+04  7.02395E+04  9.16145E+04
  1.82465E+05  1.39307E+05  6.63639E+04  3.68087E+04  2.30588E+04  2.18345E+04  2.56111E+04  4.18563E+04  3.77721E+04  3.54186E+04  3.08541E+04  3.55717E+04  3.80574E+04  4.22321E+04  2.58458E+04  2.20302E+04  2.32582E+04  3.71080E+04  6.68400E+04  1.40056E+05  1.83052E+05
  3.62772E+05  2.76782E+05  1.31119E+05  7.23523E+04  4.51445E+04  4.25947E+04  4.97466E+04  8.07418E+04  7.22934E+04  6.74383E+04  5.86507E+04  6.77667E+04  7.29058E+04  8.15488E+04  5.02519E+04  4.30163E+04  4.55744E+04  7.29984E+04  1.32150E+05  2.78426E+05  3.64181E+05
  3.57085E+05  2.74057E+05  1.30633E+05  7.24233E+04  4.53502E+04  4.29267E+04  5.03344E+04  8.22460E+04  7.42554E+04  6.96832E+04  6.07226E+04  7.00087E+04  7.48620E+04  8.30434E+04  5.08334E+04  4.33429E+04  4.57745E+04  7.30612E+04  1.31655E+05  2.75721E+05  3.58659E+05
  1.75395E+05  1.35958E+05  6.57952E+04  3.69269E+04  2.33385E+04  2.22744E+04  2.63796E+04  4.38027E+04  4.02937E+04  3.82947E+04  3.35071E+04  3.84453E+04  4.05734E+04  4.41684E+04  2.66075E+04  2.24640E+04  2.35316E+04  3.72171E+04  6.62614E+04  1.36732E+05  1.76185E+05
  8.67499E+04  6.77054E+04  3.31105E+04  1.87389E+04  1.19171E+04  1.14355E+04  1.36303E+04  2.28613E+04  2.12666E+04  2.03598E+04  1.78556E+04  2.04306E+04  2.13981E+04  2.30328E+04  1.37369E+04  1.15242E+04  1.20073E+04  1.88744E+04  3.33284E+04  6.80706E+04  8.71373E+04
  8.60502E+04  6.75091E+04  3.32747E+04  1.89483E+04  1.21047E+04  1.16610E+04  1.39624E+04  2.35832E+04  2.21059E+04  2.12667E+04  1.86793E+04  2.13341E+04  2.22310E+04  2.37461E+04  1.40637E+04  1.17451E+04  1.21903E+04  1.90767E+04  3.34814E+04  6.78577E+04  8.64297E+04
  8.52912E+04  6.72905E+04  3.34473E+04  1.91713E+04  1.23052E+04  1.19021E+04  1.43179E+04  2.43560E+04  2.30043E+04  2.22370E+04  1.95606E+04  2.23006E+04  2.31223E+04  2.45097E+04  1.44133E+04  1.19813E+04  1.23857E+04  1.92921E+04  3.36420E+04  6.76209E+04  8.56608E+04
  8.44693E+04  6.70423E+04  3.36207E+04  1.94016E+04  1.25135E+04  1.21534E+04  1.46891E+04  2.51641E+04  2.39441E+04  2.32523E+04  2.04827E+04  2.33119E+04  2.40546E+04  2.53078E+04  1.47782E+04  1.22273E+04  1.25886E+04  1.95144E+04  3.38026E+04  6.73533E+04  8.48271E+04
  1.66207E+05  1.33197E+05  6.77285E+04  3.94913E+04  2.56572E+04  2.50712E+04  3.05121E+04  5.28057E+04  5.07749E+04  4.96246E+04  4.37994E+04  4.97307E+04  5.09718E+04  5.30616E+04  3.06707E+04  2.52027E+04  2.57907E+04  3.96918E+04  6.80525E+04  1.33757E+05  1.66881E+05
  3.19353E+05  2.61361E+05  1.36720E+05  8.13559E+04  5.35961E+04  5.29718E+04  6.52873E+04  1.15060E+05  1.12661E+05  1.11307E+05  9.85628E+04  1.11465E+05  1.12953E+05  1.15439E+05  6.55222E+04  5.31664E+04  5.37937E+04  8.16531E+04  1.37203E+05  2.62221E+05  3.20501E+05
  5.65682E+05  4.84071E+05  2.66267E+05  1.63749E+05  1.10208E+05  1.10785E+05  1.39056E+05  2.51352E+05  2.52204E+05  2.52737E+05  2.24753E+05  2.52858E+05  2.52426E+05  2.51635E+05  1.39231E+05  1.10930E+05  1.10355E+05  1.63972E+05  2.66642E+05  4.84826E+05  5.67087E+05
  6.48790E+05  6.12064E+05  3.51826E+05  2.21505E+05  1.51174E+05  1.53560E+05  1.94825E+05  3.57101E+05  3.62986E+05  3.66374E+05  3.26529E+05  3.66365E+05  3.62964E+05  3.57065E+05  1.94803E+05  1.53542E+05  1.51157E+05  2.21485E+05  3.51816E+05  6.12190E+05  6.49580E+05

  2.05587E+05  1.95807E+05  1.20161E+05  7.85555E+04  5.48461E+04  5.66813E+04  7.32221E+04  1.37510E+05  1.43194E+05  1.46657E+05  1.31352E+05  1.46665E+05  1.43208E+05  1.37527E+05  7.32313E+04  5.66878E+04  5.48512E+04  7.85597E+04  1.20156E+05  1.95728E+05  2.05058E+05
  1.91923E+05  1.67707E+05  1.02538E+05  6.71302E+04  4.69372E+04  4.85734E+04  6.28482E+04  1.18334E+05  1.23518E+05  1.26691E+05  1.13502E+05  1.26671E+05  1.23478E+05  1.18272E+05  6.28047E+04  4.85339E+04  4.68937E+04  6.70575E+04  1.02398E+05  1.67365E+05  1.91047E+05
  1.19100E+05  1.03706E+05  6.37134E+04  4.18278E+04  2.92937E+04  3.03523E+04  3.93227E+04  7.41692E+04  7.75436E+04  7.96106E+04  7.13415E+04  7.95946E+04  7.75106E+04  7.41195E+04  3.92881E+04  3.03213E+04  2.92598E+04  4.17719E+04  6.36082E+04  1.03460E+05  1.18517E+05
  6.51108E+04  5.68176E+04  3.50086E+04  2.30172E+04  1.61335E+04  1.67270E+04  2.16843E+04  4.09350E+04  4.28308E+04  4.39925E+04  3.94282E+04  4.39831E+04  4.28116E+04  4.09062E+04  2.16643E+04  1.67090E+04  1.61140E+04  2.29850E+04  3.49484E+04  5.66777E+04  6.47884E+04
  3.38904E+04  2.96238E+04  1.82805E+04  1.20278E+04  8.43424E+03  8.74715E+03  1.13430E+04  2.14219E+04  2.24224E+04  2.30356E+04  2.06470E+04  2.30307E+04  2.24123E+04  2.14066E+04  1.13324E+04  8.73766E+03  8.42389E+03  1.20108E+04  1.82487E+04  2.95502E+04  3.37225E+04
  3.47522E+04  3.04172E+04  1.87892E+04  1.23686E+04  8.67558E+03  8.99925E+03  1.16723E+04  2.20497E+04  2.30852E+04  2.37200E+04  2.12613E+04  2.37149E+04  2.30747E+04  2.20339E+04  1.16614E+04  8.98944E+03  8.66489E+03  1.23510E+04  1.87563E+04  3.03414E+04  3.45802E+04
  3.55925E+04  3.11968E+04  1.92903E+04  1.27047E+04  8.91373E+03  9.24813E+03  1.19975E+04  2.26700E+04  2.37404E+04  2.43966E+04  2.18688E+04  2.43913E+04  2.37296E+04  2.26537E+04  1.19862E+04  9.23802E+03  8.90273E+03  1.26866E+04  1.92565E+04  3.11189E+04  3.54167E+04
  3.64085E+04  3.19599E+04  1.97821E+04  1.30348E+04  9.14784E+03  9.49286E+03  1.23174E+04  2.32805E+04  2.43855E+04  2.50631E+04  2.24671E+04  2.50577E+04  2.43745E+04  2.32638E+04  1.23059E+04  9.48249E+03  9.13654E+03  1.30163E+04  1.97475E+04  3.18800E+04  3.62293E+04
  7.51483E+04  6.61263E+04  4.09919E+04  2.70295E+04  1.89768E+04  1.96982E+04  2.55667E+04  4.83404E+04  5.06527E+04  5.20705E+04  4.66802E+04  5.20594E+04  5.06298E+04  4.83060E+04  2.55428E+04  1.96768E+04  1.89535E+04  2.69912E+04  4.09202E+04  6.59616E+04  7.47812E+04
  1.58704E+05  1.40382E+05  8.72801E+04  5.76303E+04  4.04916E+04  4.20539E+04  5.46127E+04  1.03333E+05  1.08348E+05  1.11424E+05  9.99012E+04  1.11400E+05  1.08300E+05  1.03261E+05  5.45623E+04  4.20087E+04  4.04424E+04  5.75496E+04  8.71295E+04  1.40037E+05  1.57945E+05
  1.67894E+05  1.49465E+05  9.32532E+04  6.16751E+04  4.33729E+04  4.50759E+04  5.85760E+04  1.10928E+05  1.16404E+05  1.19764E+05  1.07396E+05  1.19740E+05  1.16354E+05  1.10852E+05  5.85235E+04  4.50289E+04  4.33217E+04  6.15911E+04  9.30967E+04  1.49108E+05  1.67122E+05
  8.64679E+04  7.72734E+04  4.83153E+04  3.19869E+04  2.25075E+04  2.34009E+04  3.04220E+04  5.76427E+04  6.05191E+04  6.22846E+04  5.58574E+04  6.22722E+04  6.04934E+04  5.76040E+04  3.03952E+04  2.33769E+04  2.24813E+04  3.19440E+04  4.82357E+04  7.70928E+04  8.60831E+04
  4.36781E+04  3.91029E+04  2.44717E+04  1.62085E+04  1.14078E+04  1.18628E+04  1.54248E+04  2.92332E+04  3.06986E+04  3.15982E+04  2.83386E+04  3.15918E+04  3.06855E+04  2.92135E+04  1.54112E+04  1.18506E+04  1.13946E+04  1.61869E+04  2.44317E+04  3.90124E+04  4.34872E+04
  4.38999E+04  3.93467E+04  2.46382E+04  1.63231E+04  1.14902E+04  1.19497E+04  1.55395E+04  2.94546E+04  3.09352E+04  3.18441E+04  2.85599E+04  3.18376E+04  3.09219E+04  2.94346E+04  1.55257E+04  1.19374E+04  1.14769E+04  1.63013E+04  2.45980E+04  3.92563E+04  4.37105E+04
  4.40652E+04  3.95365E+04  2.47696E+04  1.64140E+04  1.15557E+04  1.20190E+04  1.56311E+04  2.96320E+04  3.11252E+04  3.20418E+04  2.87378E+04  3.20352E+04  3.11116E+04  2.96118E+04  1.56172E+04  1.20066E+04  1.15423E+04  1.63921E+04  2.47293E+04  3.94462E+04  4.38774E+04
  4.41728E+04  3.96710E+04  2.48650E+04  1.64806E+04  1.16040E+04  1.20702E+04  1.56991E+04  2.97641E+04  3.12671E+04  3.21898E+04  2.88710E+04  3.21830E+04  3.12532E+04  2.97434E+04  1.56849E+04  1.20577E+04  1.15904E+04  1.64586E+04  2.48245E+04  3.95809E+04  4.39871E+04
  8.84353E+04  7.95310E+04  4.98772E+04  3.30676E+04  2.32863E+04  2.42244E+04  3.15107E+04  5.97497E+04  6.27750E+04  6.46323E+04  5.79700E+04  6.46183E+04  6.27464E+04  5.97073E+04  3.14819E+04  2.41989E+04  2.32587E+04  3.30230E+04  4.97958E+04  7.93516E+04  8.80708E+04
  1.75581E+05  1.58259E+05  9.93252E+04  6.58725E+04  4.63959E+04  4.82713E+04  6.27985E+04  1.19095E+05  1.25145E+05  1.28858E+05  1.15578E+05  1.28828E+05  1.25083E+05  1.19006E+05  6.27381E+04  4.82182E+04  4.63391E+04  6.57813E+04  9.91609E+04  1.57905E+05  1.74886E+05
  1.70727E+05  1.53996E+05  9.66310E+04  6.40779E+04  4.51285E+04  4.69499E+04  6.10757E+04  1.15818E+05  1.21690E+05  1.25294E+05  1.12379E+05  1.25261E+05  1.21623E+05  1.15721E+05  6.10120E+04  4.68946E+04  4.50698E+04  6.39846E+04  9.64660E+04  1.53652E+05  1.70085E+05
  8.24341E+04  7.42777E+04  4.65597E+04  3.08583E+04  2.17261E+04  2.25980E+04  2.93902E+04  5.57153E+04  5.85233E+04  6.02456E+04  5.40322E+04  6.02279E+04  5.84881E+04  5.56651E+04  2.93574E+04  2.25696E+04  2.16963E+04  3.08113E+04  4.64777E+04  7.41113E+04  8.21355E+04
  4.03087E+04  3.62962E+04  2.27349E+04  1.50623E+04  1.06025E+04  1.10262E+04  1.43380E+04  2.71747E+04  2.85383E+04  2.93745E+04  2.63438E+04  2.93655E+04  2.85204E+04  2.71493E+04  1.43215E+04  1.10120E+04  1.05876E+04  1.50389E+04  2.26942E+04  3.62146E+04  4.01653E+04
  3.96405E+04  3.56788E+04  2.23358E+04  1.47936E+04  1.04117E+04  1.08264E+04  1.40764E+04  2.66744E+04  2.80084E+04  2.88264E+04  2.58514E+04  2.88173E+04  2.79904E+04  2.66488E+04  1.40598E+04  1.08122E+04  1.03968E+04  1.47703E+04  2.22954E+04  3.55984E+04  3.95011E+04
  3.89283E+04  3.50208E+04  2.19103E+04  1.45072E+04  1.02082E+04  1.06134E+04  1.37975E+04  2.61409E+04  2.74434E+04  2.82419E+04  2.53264E+04  2.82327E+04  2.74253E+04  2.61153E+04  1.37810E+04  1.05992E+04  1.01933E+04  1.44840E+04  2.18704E+04  3.49418E+04  3.87929E+04
  3.81746E+04  3.43251E+04  2.14606E+04  1.42045E+04  9.99314E+03  1.03882E+04  1.35027E+04  2.55771E+04  2.68463E+04  2.76241E+04  2.47715E+04  2.76150E+04  2.68282E+04  2.55515E+04  1.34862E+04  1.03741E+04  9.97839E+03  1.41815E+04  2.14211E+04  3.42477E+04  3.80433E+04
  7.39287E+04  6.64293E+04  4.14874E+04  2.74442E+04  1.93012E+04  2.00593E+04  2.60666E+04  4.93590E+04  5.17918E+04  5.32823E+04  4.77772E+04  5.32641E+04  5.17558E+04  4.93084E+04  2.60341E+04  2.00315E+04  1.92722E+04  2.73991E+04  4.14102E+04  6.62793E+04  7.36788E+04
  1.37199E+05  1.23167E+05  7.67355E+04  5.06952E+04  3.56264E+04  3.70048E+04  4.80589E+04  9.09312E+04  9.53429E+04  9.80439E+04  8.79020E+04  9.80087E+04  9.52737E+04  9.08343E+04  4.79970E+04  3.69520E+04  3.55715E+04  5.06102E+04  7.65913E+04  1.22890E+05  1.36751E+05
  2.25954E+05  2.03379E+05  1.26062E+05  8.30392E+04  5.82545E+04  6.04288E+04  7.83728E+04  1.48009E+05  1.54919E+05  1.59142E+05  1.42637E+05  1.59085E+05  1.54807E+05  1.47853E+05  7.82741E+04  6.03452E+04  5.81680E+04  8.29058E+04  1.25838E+05  2.02956E+05  2.25280E+05
  2.43093E+05  2.35756E+05  1.46190E+05  9.60350E+04  6.72292E+04  6.96127E+04  9.01006E+04  1.69629E+05  1.77044E+05  1.81559E+05  1.62669E+05  1.81538E+05  1.77003E+05  1.69575E+05  9.00691E+04  6.95872E+04  6.72041E+04  9.59981E+04  1.46132E+05  2.35650E+05  2.42774E+05

           0.000           0.000           0.000
    0.000
