           #Job_Name              Period        Period_Index  Polarization_Index Number_of_Iteration            Residual
             FORWARD        1.000000                       1                   1                   1       0.4590397    
             FORWARD        1.000000                       1                   1                   2       0.2346812    
             FORWARD        1.000000                       1                   1                   3       0.1316106    
             FORWARD        1.000000                       1                   1                   4       0.8160604E-01
             FORWARD        1.000000                       1                   1                   5       0.8805224E-01
             FORWARD        1.000000                       1                   1                   6       0.8250960E-01
             FORWARD        1.000000                       1                   1                   7       0.6326705E-01
             FORWARD        1.000000                       1                   1                   8       0.6166937E-01
             FORWARD        1.000000                       1                   1                   9       0.5226009E-01
             FORWARD        1.000000                       1                   1                  10       0.4146638E-01
             FORWARD        1.000000                       1                   1                  11       0.3608574E-01
             FORWARD        1.000000                       1                   1                  12       0.4011368E-01
             FORWARD        1.000000                       1                   1                  13       0.3716936E-01
             FORWARD        1.000000                       1                   1                  14       0.3587395E-01
             FORWARD        1.000000                       1                   1                  15       0.3882120E-01
             FORWARD        1.000000                       1                   1                  16       0.3767072E-01
             FORWARD        1.000000                       1                   1                  17       0.3910798E-01
             FORWARD        1.000000                       1                   1                  18       0.4222608E-01
             FORWARD        1.000000                       1                   1                  19       0.3819749E-01
             FORWARD        1.000000                       1                   1                  20       0.3368258E-01
             FORWARD        1.000000                       1                   1                  21       0.2818513E-01
             FORWARD        1.000000                       1                   1                  22       0.2800284E-01
             FORWARD        1.000000                       1                   1                  23       0.2744477E-01
             FORWARD        1.000000                       1                   1                  24       0.2716695E-01
             FORWARD        1.000000                       1                   1                  25       0.2681821E-01
             FORWARD        1.000000                       1                   1                  26       0.2856175E-01
             FORWARD        1.000000                       1                   1                  27       0.2757315E-01
             FORWARD        1.000000                       1                   1                  28       0.2704268E-01
             FORWARD        1.000000                       1                   1                  29       0.2389563E-01
             FORWARD        1.000000                       1                   1                  30       0.2439540E-01
             FORWARD        1.000000                       1                   1                  31       0.2475067E-01
             FORWARD        1.000000                       1                   1                  32       0.2565181E-01
             FORWARD        1.000000                       1                   1                  33       0.2754680E-01
             FORWARD        1.000000                       1                   1                  34       0.2952183E-01
             FORWARD        1.000000                       1                   1                  35       0.2898790E-01
             FORWARD        1.000000                       1                   1                  36       0.2881751E-01
             FORWARD        1.000000                       1                   1                  37       0.3028430E-01
             FORWARD        1.000000                       1                   1                  38       0.2940874E-01
             FORWARD        1.000000                       1                   1                  39       0.2763755E-01
             FORWARD        1.000000                       1                   1                  40       0.2641862E-01
             FORWARD        1.000000                       1                   1                  41       0.2688048E-01
             FORWARD        1.000000                       1                   1                  42       0.1362605E-01
             FORWARD        1.000000                       1                   1                  43       0.8995101E-02
             FORWARD        1.000000                       1                   1                  44       0.9294423E-02
             FORWARD        1.000000                       1                   1                  45       0.9879322E-02
             FORWARD        1.000000                       1                   1                  46       0.1014631E-01
             FORWARD        1.000000                       1                   1                  47       0.9905550E-02
             FORWARD        1.000000                       1                   1                  48       0.8511346E-02
             FORWARD        1.000000                       1                   1                  49       0.8199881E-02
             FORWARD        1.000000                       1                   1                  50       0.8043577E-02
             FORWARD        1.000000                       1                   1                  51       0.7756119E-02
             FORWARD        1.000000                       1                   1                  52       0.7794666E-02
             FORWARD        1.000000                       1                   1                  53       0.8131418E-02
             FORWARD        1.000000                       1                   1                  54       0.8526570E-02
             FORWARD        1.000000                       1                   1                  55       0.8785796E-02
             FORWARD        1.000000                       1                   1                  56       0.8804322E-02
             FORWARD        1.000000                       1                   1                  57       0.8730163E-02
             FORWARD        1.000000                       1                   1                  58       0.8535275E-02
             FORWARD        1.000000                       1                   1                  59       0.8293032E-02
             FORWARD        1.000000                       1                   1                  60       0.7892503E-02
             FORWARD        1.000000                       1                   1                  61       0.8332002E-02
             FORWARD        1.000000                       1                   1                  62       0.9104555E-02
             FORWARD        1.000000                       1                   1                  63       0.9562317E-02
             FORWARD        1.000000                       1                   1                  64       0.1016148E-01
             FORWARD        1.000000                       1                   1                  65       0.9695198E-02
             FORWARD        1.000000                       1                   1                  66       0.9526608E-02
             FORWARD        1.000000                       1                   1                  67       0.9514344E-02
             FORWARD        1.000000                       1                   1                  68       0.9619337E-02
             FORWARD        1.000000                       1                   1                  69       0.9750707E-02
             FORWARD        1.000000                       1                   1                  70       0.9903591E-02
             FORWARD        1.000000                       1                   1                  71       0.9871819E-02
             FORWARD        1.000000                       1                   1                  72       0.9900036E-02
             FORWARD        1.000000                       1                   1                  73       0.9953754E-02
             FORWARD        1.000000                       1                   1                  74       0.9894348E-02
             FORWARD        1.000000                       1                   1                  75       0.9865170E-02
             FORWARD        1.000000                       1                   1                  76       0.9812829E-02
             FORWARD        1.000000                       1                   1                  77       0.9775003E-02
             FORWARD        1.000000                       1                   1                  78       0.9513334E-02
             FORWARD        1.000000                       1                   1                  79       0.9365836E-02
             FORWARD        1.000000                       1                   1                  80       0.9072652E-02
             FORWARD        1.000000                       1                   1                  81       0.1113644E-01
             FORWARD        1.000000                       1                   1                  82       0.6570581E-02
             FORWARD        1.000000                       1                   1                  83       0.5126525E-02
             FORWARD        1.000000                       1                   1                  84       0.5193613E-02
             FORWARD        1.000000                       1                   1                  85       0.5044797E-02
             FORWARD        1.000000                       1                   1                  86       0.4735325E-02
             FORWARD        1.000000                       1                   1                  87       0.5529954E-02
             FORWARD        1.000000                       1                   1                  88       0.5039858E-02
             FORWARD        1.000000                       1                   1                  89       0.5079519E-02
             FORWARD        1.000000                       1                   1                  90       0.6054213E-02
             FORWARD        1.000000                       1                   1                  91       0.6008353E-02
             FORWARD        1.000000                       1                   1                  92       0.5745647E-02
             FORWARD        1.000000                       1                   1                  93       0.5884615E-02
             FORWARD        1.000000                       1                   1                  94       0.5882511E-02
             FORWARD        1.000000                       1                   1                  95       0.5889688E-02
             FORWARD        1.000000                       1                   1                  96       0.6078330E-02
             FORWARD        1.000000                       1                   1                  97       0.6033481E-02
             FORWARD        1.000000                       1                   1                  98       0.6043062E-02
             FORWARD        1.000000                       1                   1                  99       0.6072603E-02
             FORWARD        1.000000                       1                   1                 100       0.5619152E-02
             FORWARD        1.000000                       1                   1                 101       0.5457150E-02
             FORWARD        1.000000                       1                   1                 102       0.5130235E-02
             FORWARD        1.000000                       1                   1                 103       0.4952580E-02
             FORWARD        1.000000                       1                   1                 104       0.4323934E-02
             FORWARD        1.000000                       1                   1                 105       0.4564327E-02
             FORWARD        1.000000                       1                   1                 106       0.4463553E-02
             FORWARD        1.000000                       1                   1                 107       0.4263059E-02
             FORWARD        1.000000                       1                   1                 108       0.4236982E-02
             FORWARD        1.000000                       1                   1                 109       0.4233824E-02
             FORWARD        1.000000                       1                   1                 110       0.4237343E-02
             FORWARD        1.000000                       1                   1                 111       0.4162284E-02
             FORWARD        1.000000                       1                   1                 112       0.4055263E-02
             FORWARD        1.000000                       1                   1                 113       0.3918585E-02
             FORWARD        1.000000                       1                   1                 114       0.3985588E-02
             FORWARD        1.000000                       1                   1                 115       0.3985764E-02
             FORWARD        1.000000                       1                   1                 116       0.3953577E-02
             FORWARD        1.000000                       1                   1                 117       0.3940763E-02
             FORWARD        1.000000                       1                   1                 118       0.3899531E-02
             FORWARD        1.000000                       1                   1                 119       0.3875276E-02
             FORWARD        1.000000                       1                   1                 120       0.3881029E-02
             FORWARD        1.000000                       1                   1                 121       0.5357990E-02
             FORWARD        1.000000                       1                   1                 122       0.3106977E-02
             FORWARD        1.000000                       1                   1                 123       0.2028768E-02
             FORWARD        1.000000                       1                   1                 124       0.2183760E-02
             FORWARD        1.000000                       1                   1                 125       0.2223523E-02
             FORWARD        1.000000                       1                   1                 126       0.2279537E-02
             FORWARD        1.000000                       1                   1                 127       0.2489903E-02
             FORWARD        1.000000                       1                   1                 128       0.2268798E-02
             FORWARD        1.000000                       1                   1                 129       0.2411468E-02
             FORWARD        1.000000                       1                   1                 130       0.2540334E-02
             FORWARD        1.000000                       1                   1                 131       0.2701295E-02
             FORWARD        1.000000                       1                   1                 132       0.2597813E-02
             FORWARD        1.000000                       1                   1                 133       0.2492152E-02
             FORWARD        1.000000                       1                   1                 134       0.2462035E-02
             FORWARD        1.000000                       1                   1                 135       0.2451133E-02
             FORWARD        1.000000                       1                   1                 136       0.2499816E-02
             FORWARD        1.000000                       1                   1                 137       0.2545269E-02
             FORWARD        1.000000                       1                   1                 138       0.2647554E-02
             FORWARD        1.000000                       1                   1                 139       0.2767756E-02
             FORWARD        1.000000                       1                   1                 140       0.2327990E-02
             FORWARD        1.000000                       1                   1                 141       0.1925010E-02
             FORWARD        1.000000                       1                   1                 142       0.1928046E-02
             FORWARD        1.000000                       1                   1                 143       0.1932786E-02
             FORWARD        1.000000                       1                   1                 144       0.1930135E-02
             FORWARD        1.000000                       1                   1                 145       0.1706986E-02
             FORWARD        1.000000                       1                   1                 146       0.1746419E-02
             FORWARD        1.000000                       1                   1                 147       0.1799547E-02
             FORWARD        1.000000                       1                   1                 148       0.1868962E-02
             FORWARD        1.000000                       1                   1                 149       0.1884131E-02
             FORWARD        1.000000                       1                   1                 150       0.1911124E-02
             FORWARD        1.000000                       1                   1                 151       0.1955858E-02
             FORWARD        1.000000                       1                   1                 152       0.1927810E-02
             FORWARD        1.000000                       1                   1                 153       0.1864683E-02
             FORWARD        1.000000                       1                   1                 154       0.1851609E-02
             FORWARD        1.000000                       1                   1                 155       0.1851626E-02
             FORWARD        1.000000                       1                   1                 156       0.1850833E-02
             FORWARD        1.000000                       1                   1                 157       0.1842442E-02
             FORWARD        1.000000                       1                   1                 158       0.1845683E-02
             FORWARD        1.000000                       1                   1                 159       0.1848605E-02
             FORWARD        1.000000                       1                   1                 160       0.1842251E-02
             FORWARD        1.000000                       1                   1                 161       0.2571274E-02
             FORWARD        1.000000                       1                   1                 162       0.1344193E-02
             FORWARD        1.000000                       1                   1                 163       0.9152824E-03
             FORWARD        1.000000                       1                   1                 164       0.1009145E-02
             FORWARD        1.000000                       1                   1                 165       0.1030625E-02
             FORWARD        1.000000                       1                   1                 166       0.1092061E-02
             FORWARD        1.000000                       1                   1                 167       0.1118578E-02
             FORWARD        1.000000                       1                   1                 168       0.9431991E-03
             FORWARD        1.000000                       1                   1                 169       0.8868545E-03
             FORWARD        1.000000                       1                   1                 170       0.9064772E-03
             FORWARD        1.000000                       1                   1                 171       0.9399968E-03
             FORWARD        1.000000                       1                   1                 172       0.9856460E-03
             FORWARD        1.000000                       1                   1                 173       0.1028202E-02
             FORWARD        1.000000                       1                   1                 174       0.1029361E-02
             FORWARD        1.000000                       1                   1                 175       0.1028577E-02
             FORWARD        1.000000                       1                   1                 176       0.1061970E-02
             FORWARD        1.000000                       1                   1                 177       0.1096869E-02
             FORWARD        1.000000                       1                   1                 178       0.1098541E-02
             FORWARD        1.000000                       1                   1                 179       0.1014288E-02
             FORWARD        1.000000                       1                   1                 180       0.9467858E-03
             FORWARD        1.000000                       1                   1                 181       0.8992503E-03
             FORWARD        1.000000                       1                   1                 182       0.9269864E-03
             FORWARD        1.000000                       1                   1                 183       0.9580817E-03
             FORWARD        1.000000                       1                   1                 184       0.9411952E-03
             FORWARD        1.000000                       1                   1                 185       0.7816410E-03
             FORWARD        1.000000                       1                   1                 186       0.7592140E-03
             FORWARD        1.000000                       1                   1                 187       0.7657147E-03
             FORWARD        1.000000                       1                   1                 188       0.7623649E-03
             FORWARD        1.000000                       1                   1                 189       0.7668985E-03
             FORWARD        1.000000                       1                   1                 190       0.7698870E-03
             FORWARD        1.000000                       1                   1                 191       0.7610001E-03
             FORWARD        1.000000                       1                   1                 192       0.7562331E-03
             FORWARD        1.000000                       1                   1                 193       0.7571487E-03
             FORWARD        1.000000                       1                   1                 194       0.7542564E-03
             FORWARD        1.000000                       1                   1                 195       0.7421042E-03
             FORWARD        1.000000                       1                   1                 196       0.7426340E-03
             FORWARD        1.000000                       1                   1                 197       0.7447853E-03
             FORWARD        1.000000                       1                   1                 198       0.7461723E-03
             FORWARD        1.000000                       1                   1                 199       0.7351498E-03
             FORWARD        1.000000                       1                   1                 200       0.7383843E-03
             FORWARD        1.000000                       1                   1                 201       0.9964936E-03
             FORWARD        1.000000                       1                   1                 202       0.5360814E-03
             FORWARD        1.000000                       1                   1                 203       0.3419208E-03
             FORWARD        1.000000                       1                   1                 204       0.3881016E-03
             FORWARD        1.000000                       1                   1                 205       0.3981533E-03
             FORWARD        1.000000                       1                   1                 206       0.4199962E-03
             FORWARD        1.000000                       1                   1                 207       0.4518679E-03
             FORWARD        1.000000                       1                   1                 208       0.4137740E-03
             FORWARD        1.000000                       1                   1                 209       0.4130585E-03
             FORWARD        1.000000                       1                   1                 210       0.3892393E-03
             FORWARD        1.000000                       1                   1                 211       0.3807850E-03
             FORWARD        1.000000                       1                   1                 212       0.3754446E-03
             FORWARD        1.000000                       1                   1                 213       0.3724317E-03
             FORWARD        1.000000                       1                   1                 214       0.3698853E-03
             FORWARD        1.000000                       1                   1                 215       0.3721868E-03
             FORWARD        1.000000                       1                   1                 216       0.3751582E-03
             FORWARD        1.000000                       1                   1                 217       0.3859181E-03
             FORWARD        1.000000                       1                   1                 218       0.3912931E-03
             FORWARD        1.000000                       1                   1                 219       0.3952685E-03
             FORWARD        1.000000                       1                   1                 220       0.3847891E-03
             FORWARD        1.000000                       1                   1                 221       0.3924304E-03
             FORWARD        1.000000                       1                   1                 222       0.3510019E-03
             FORWARD        1.000000                       1                   1                 223       0.3621980E-03
             FORWARD        1.000000                       1                   1                 224       0.3762722E-03
             FORWARD        1.000000                       1                   1                 225       0.3860414E-03
             FORWARD        1.000000                       1                   1                 226       0.3857316E-03
             FORWARD        1.000000                       1                   1                 227       0.3860023E-03
             FORWARD        1.000000                       1                   1                 228       0.3820569E-03
             FORWARD        1.000000                       1                   1                 229       0.3701224E-03
             FORWARD        1.000000                       1                   1                 230       0.3676504E-03
             FORWARD        1.000000                       1                   1                 231       0.3671653E-03
             FORWARD        1.000000                       1                   1                 232       0.3669016E-03
             FORWARD        1.000000                       1                   1                 233       0.3689482E-03
             FORWARD        1.000000                       1                   1                 234       0.3693820E-03
             FORWARD        1.000000                       1                   1                 235       0.3671501E-03
             FORWARD        1.000000                       1                   1                 236       0.3666009E-03
             FORWARD        1.000000                       1                   1                 237       0.3615901E-03
             FORWARD        1.000000                       1                   1                 238       0.3536965E-03
             FORWARD        1.000000                       1                   1                 239       0.3494408E-03
             FORWARD        1.000000                       1                   1                 240       0.3480669E-03
             FORWARD        1.000000                       1                   1                 241       0.4472454E-03
             FORWARD        1.000000                       1                   1                 242       0.2344509E-03
             FORWARD        1.000000                       1                   1                 243       0.1566796E-03
             FORWARD        1.000000                       1                   1                 244       0.1633861E-03
             FORWARD        1.000000                       1                   1                 245       0.1808714E-03
             FORWARD        1.000000                       1                   1                 246       0.1791168E-03
             FORWARD        1.000000                       1                   1                 247       0.1824453E-03
             FORWARD        1.000000                       1                   1                 248       0.1839928E-03
             FORWARD        1.000000                       1                   1                 249       0.1826764E-03
             FORWARD        1.000000                       1                   1                 250       0.1768381E-03
             FORWARD        1.000000                       1                   1                 251       0.1575186E-03
             FORWARD        1.000000                       1                   1                 252       0.1503683E-03
             FORWARD        1.000000                       1                   1                 253       0.1521001E-03
             FORWARD        1.000000                       1                   1                 254       0.1556513E-03
             FORWARD        1.000000                       1                   1                 255       0.1530882E-03
             FORWARD        1.000000                       1                   1                 256       0.1550645E-03
             FORWARD        1.000000                       1                   1                 257       0.1566212E-03
             FORWARD        1.000000                       1                   1                 258       0.1592781E-03
             FORWARD        1.000000                       1                   1                 259       0.1521211E-03
             FORWARD        1.000000                       1                   1                 260       0.1443003E-03
             FORWARD        1.000000                       1                   1                 261       0.1443561E-03
             FORWARD        1.000000                       1                   1                 262       0.1465243E-03
             FORWARD        1.000000                       1                   1                 263       0.1473675E-03
             FORWARD        1.000000                       1                   1                 264       0.1491185E-03
             FORWARD        1.000000                       1                   1                 265       0.1594500E-03
             FORWARD        1.000000                       1                   1                 266       0.1455931E-03
             FORWARD        1.000000                       1                   1                 267       0.1409303E-03
             FORWARD        1.000000                       1                   1                 268       0.1326219E-03
             FORWARD        1.000000                       1                   1                 269       0.1280640E-03
             FORWARD        1.000000                       1                   1                 270       0.1163748E-03
             FORWARD        1.000000                       1                   1                 271       0.1212714E-03
             FORWARD        1.000000                       1                   1                 272       0.1353723E-03
             FORWARD        1.000000                       1                   1                 273       0.1369093E-03
             FORWARD        1.000000                       1                   1                 274       0.1348491E-03
             FORWARD        1.000000                       1                   1                 275       0.1337939E-03
             FORWARD        1.000000                       1                   1                 276       0.1331581E-03
             FORWARD        1.000000                       1                   1                 277       0.1363809E-03
             FORWARD        1.000000                       1                   1                 278       0.1370924E-03
             FORWARD        1.000000                       1                   1                 279       0.1431367E-03
             FORWARD        1.000000                       1                   1                 280       0.1464749E-03
             FORWARD        1.000000                       1                   1                 281       0.1523278E-03
             FORWARD        1.000000                       1                   1                 282       0.8477186E-04
             FORWARD        1.000000                       1                   1                 283       0.5897424E-04
             FORWARD        1.000000                       1                   1                 284       0.5934749E-04
             FORWARD        1.000000                       1                   1                 285       0.6493878E-04
             FORWARD        1.000000                       1                   1                 286       0.6347547E-04
             FORWARD        1.000000                       1                   1                 287       0.6674507E-04
             FORWARD        1.000000                       1                   1                 288       0.6273884E-04
             FORWARD        1.000000                       1                   1                 289       0.6001940E-04
             FORWARD        1.000000                       1                   1                 290       0.6014457E-04
             FORWARD        1.000000                       1                   1                 291       0.5894905E-04
             FORWARD        1.000000                       1                   1                 292       0.5687826E-04
             FORWARD        1.000000                       1                   1                 293       0.5764106E-04
             FORWARD        1.000000                       1                   1                 294       0.5921797E-04
             FORWARD        1.000000                       1                   1                 295       0.5985303E-04
             FORWARD        1.000000                       1                   1                 296       0.6098934E-04
             FORWARD        1.000000                       1                   1                 297       0.6113791E-04
             FORWARD        1.000000                       1                   1                 298       0.6175379E-04
             FORWARD        1.000000                       1                   1                 299       0.6326977E-04
             FORWARD        1.000000                       1                   1                 300       0.6117082E-04
             FORWARD        1.000000                       1                   1                 301       0.6135819E-04
             FORWARD        1.000000                       1                   1                 302       0.6428770E-04
             FORWARD        1.000000                       1                   1                 303       0.6648019E-04
             FORWARD        1.000000                       1                   1                 304       0.7096514E-04
             FORWARD        1.000000                       1                   1                 305       0.7279704E-04
             FORWARD        1.000000                       1                   1                 306       0.7430105E-04
             FORWARD        1.000000                       1                   1                 307       0.7390309E-04
             FORWARD        1.000000                       1                   1                 308       0.6827627E-04
             FORWARD        1.000000                       1                   1                 309       0.6077055E-04
             FORWARD        1.000000                       1                   1                 310       0.5951578E-04
             FORWARD        1.000000                       1                   1                 311       0.5914958E-04
             FORWARD        1.000000                       1                   1                 312       0.5432863E-04
             FORWARD        1.000000                       1                   1                 313       0.5215097E-04
             FORWARD        1.000000                       1                   1                 314       0.5197342E-04
             FORWARD        1.000000                       1                   1                 315       0.5168032E-04
             FORWARD        1.000000                       1                   1                 316       0.5194879E-04
             FORWARD        1.000000                       1                   1                 317       0.5255823E-04
             FORWARD        1.000000                       1                   1                 318       0.5325050E-04
             FORWARD        1.000000                       1                   1                 319       0.5357402E-04
             FORWARD        1.000000                       1                   1                 320       0.5337881E-04
             FORWARD        1.000000                       1                   1                 321       0.7402342E-04
             FORWARD        1.000000                       1                   1                 322       0.4008606E-04
             FORWARD        1.000000                       1                   1                 323       0.2838152E-04
             FORWARD        1.000000                       1                   1                 324       0.3012509E-04
             FORWARD        1.000000                       1                   1                 325       0.3349110E-04
             FORWARD        1.000000                       1                   1                 326       0.3302813E-04
             FORWARD        1.000000                       1                   1                 327       0.3421169E-04
             FORWARD        1.000000                       1                   1                 328       0.3645335E-04
             FORWARD        1.000000                       1                   1                 329       0.3094103E-04
             FORWARD        1.000000                       1                   1                 330       0.3396636E-04
             FORWARD        1.000000                       1                   1                 331       0.3484865E-04
             FORWARD        1.000000                       1                   1                 332       0.3522514E-04
             FORWARD        1.000000                       1                   1                 333       0.3435742E-04
             FORWARD        1.000000                       1                   1                 334       0.3424437E-04
             FORWARD        1.000000                       1                   1                 335       0.3441328E-04
             FORWARD        1.000000                       1                   1                 336       0.3481176E-04
             FORWARD        1.000000                       1                   1                 337       0.3473995E-04
             FORWARD        1.000000                       1                   1                 338       0.3491709E-04
             FORWARD        1.000000                       1                   1                 339       0.3557107E-04
             FORWARD        1.000000                       1                   1                 340       0.3631729E-04
             FORWARD        1.000000                       1                   1                 341       0.3515173E-04
             FORWARD        1.000000                       1                   1                 342       0.3809624E-04
             FORWARD        1.000000                       1                   1                 343       0.3799850E-04
             FORWARD        1.000000                       1                   1                 344       0.3254147E-04
             FORWARD        1.000000                       1                   1                 345       0.2980878E-04
             FORWARD        1.000000                       1                   1                 346       0.2710210E-04
             FORWARD        1.000000                       1                   1                 347       0.2567175E-04
             FORWARD        1.000000                       1                   1                 348       0.2556379E-04
             FORWARD        1.000000                       1                   1                 349       0.2582813E-04
             FORWARD        1.000000                       1                   1                 350       0.2581955E-04
             FORWARD        1.000000                       1                   1                 351       0.2498738E-04
             FORWARD        1.000000                       1                   1                 352       0.2508031E-04
             FORWARD        1.000000                       1                   1                 353       0.2517311E-04
             FORWARD        1.000000                       1                   1                 354       0.2460048E-04
             FORWARD        1.000000                       1                   1                 355       0.2418402E-04
             FORWARD        1.000000                       1                   1                 356       0.2420505E-04
             FORWARD        1.000000                       1                   1                 357       0.2420865E-04
             FORWARD        1.000000                       1                   1                 358       0.2415496E-04
             FORWARD        1.000000                       1                   1                 359       0.2409347E-04
             FORWARD        1.000000                       1                   1                 360       0.2427690E-04
             FORWARD        1.000000                       1                   1                 361       0.3651391E-04
             FORWARD        1.000000                       1                   1                 362       0.1985112E-04
             FORWARD        1.000000                       1                   1                 363       0.1429379E-04
             FORWARD        1.000000                       1                   1                 364       0.1519582E-04
             FORWARD        1.000000                       1                   1                 365       0.1652531E-04
             FORWARD        1.000000                       1                   1                 366       0.1615541E-04
             FORWARD        1.000000                       1                   1                 367       0.1672827E-04
             FORWARD        1.000000                       1                   1                 368       0.1502490E-04
             FORWARD        1.000000                       1                   1                 369       0.1370968E-04
             FORWARD        1.000000                       1                   1                 370       0.1449545E-04
             FORWARD        1.000000                       1                   1                 371       0.1483949E-04
             FORWARD        1.000000                       1                   1                 372       0.1456023E-04
             FORWARD        1.000000                       1                   1                 373       0.1432763E-04
             FORWARD        1.000000                       1                   1                 374       0.1438459E-04
             FORWARD        1.000000                       1                   1                 375       0.1455482E-04
             FORWARD        1.000000                       1                   1                 376       0.1439088E-04
             FORWARD        1.000000                       1                   1                 377       0.1414006E-04
             FORWARD        1.000000                       1                   1                 378       0.1401890E-04
             FORWARD        1.000000                       1                   1                 379       0.1367651E-04
             FORWARD        1.000000                       1                   1                 380       0.1327124E-04
             FORWARD        1.000000                       1                   1                 381       0.1356685E-04
             FORWARD        1.000000                       1                   1                 382       0.1390799E-04
             FORWARD        1.000000                       1                   1                 383       0.1412773E-04
             FORWARD        1.000000                       1                   1                 384       0.1410501E-04
             FORWARD        1.000000                       1                   1                 385       0.1422470E-04
             FORWARD        1.000000                       1                   1                 386       0.1447608E-04
             FORWARD        1.000000                       1                   1                 387       0.1436100E-04
             FORWARD        1.000000                       1                   1                 388       0.1518017E-04
             FORWARD        1.000000                       1                   1                 389       0.1592554E-04
             FORWARD        1.000000                       1                   1                 390       0.1575860E-04
             FORWARD        1.000000                       1                   1                 391       0.1537923E-04
             FORWARD        1.000000                       1                   1                 392       0.1538811E-04
             FORWARD        1.000000                       1                   1                 393       0.1538893E-04
             FORWARD        1.000000                       1                   1                 394       0.1535732E-04
             FORWARD        1.000000                       1                   1                 395       0.1521284E-04
             FORWARD        1.000000                       1                   1                 396       0.1519019E-04
             FORWARD        1.000000                       1                   1                 397       0.1511322E-04
             FORWARD        1.000000                       1                   1                 398       0.1499001E-04
             FORWARD        1.000000                       1                   1                 399       0.1500024E-04
             FORWARD        1.000000                       1                   1                 400       0.1494026E-04
             FORWARD        1.000000                       1                   1                 401       0.1812276E-04
             FORWARD        1.000000                       1                   1                 402       0.9481308E-05
             FORWARD        1.000000                       1                   1                 403       0.6499871E-05
             FORWARD        1.000000                       1                   1                 404       0.6754065E-05
             FORWARD        1.000000                       1                   1                 405       0.7102494E-05
             FORWARD        1.000000                       1                   1                 406       0.7240154E-05
             FORWARD        1.000000                       1                   1                 407       0.7944303E-05
             FORWARD        1.000000                       1                   1                 408       0.6635731E-05
             FORWARD        1.000000                       1                   1                 409       0.5926202E-05
             FORWARD        1.000000                       1                   1                 410       0.6302399E-05
             FORWARD        1.000000                       1                   1                 411       0.7018602E-05
             FORWARD        1.000000                       1                   1                 412       0.7063080E-05
             FORWARD        1.000000                       1                   1                 413       0.7085175E-05
             FORWARD        1.000000                       1                   1                 414       0.6841963E-05
             FORWARD        1.000000                       1                   1                 415       0.6686214E-05
             FORWARD        1.000000                       1                   1                 416       0.6690055E-05
             FORWARD        1.000000                       1                   1                 417       0.6645350E-05
             FORWARD        1.000000                       1                   1                 418       0.6320579E-05
             FORWARD        1.000000                       1                   1                 419       0.6111393E-05
             FORWARD        1.000000                       1                   1                 420       0.6089642E-05
             FORWARD        1.000000                       1                   1                 421       0.6055419E-05
             FORWARD        1.000000                       1                   1                 422       0.5480081E-05
             FORWARD        1.000000                       1                   1                 423       0.5694793E-05
             FORWARD        1.000000                       1                   1                 424       0.6030990E-05
             FORWARD        1.000000                       1                   1                 425       0.6069212E-05
             FORWARD        1.000000                       1                   1                 426       0.5838613E-05
             FORWARD        1.000000                       1                   1                 427       0.5703893E-05
             FORWARD        1.000000                       1                   1                 428       0.5502547E-05
             FORWARD        1.000000                       1                   1                 429       0.5477276E-05
             FORWARD        1.000000                       1                   1                 430       0.5361240E-05
             FORWARD        1.000000                       1                   1                 431       0.5044259E-05
             FORWARD        1.000000                       1                   1                 432       0.5207838E-05
             FORWARD        1.000000                       1                   1                 433       0.5226149E-05
             FORWARD        1.000000                       1                   1                 434       0.5238554E-05
             FORWARD        1.000000                       1                   1                 435       0.5220877E-05
             FORWARD        1.000000                       1                   1                 436       0.5209699E-05
             FORWARD        1.000000                       1                   1                 437       0.5130775E-05
             FORWARD        1.000000                       1                   1                 438       0.5118609E-05
             FORWARD        1.000000                       1                   1                 439       0.5118244E-05
             FORWARD        1.000000                       1                   1                 440       0.5158378E-05
             FORWARD        1.000000                       1                   1                 441       0.6197611E-05
             FORWARD        1.000000                       1                   1                 442       0.3582673E-05
             FORWARD        1.000000                       1                   1                 443       0.2497653E-05
             FORWARD        1.000000                       1                   1                 444       0.2658745E-05
             FORWARD        1.000000                       1                   1                 445       0.2857494E-05
             FORWARD        1.000000                       1                   1                 446       0.2887220E-05
             FORWARD        1.000000                       1                   1                 447       0.3033427E-05
             FORWARD        1.000000                       1                   1                 448       0.2707544E-05
             FORWARD        1.000000                       1                   1                 449       0.2742549E-05
             FORWARD        1.000000                       1                   1                 450       0.2660486E-05
             FORWARD        1.000000                       1                   1                 451       0.2776400E-05
             FORWARD        1.000000                       1                   1                 452       0.3089417E-05
             FORWARD        1.000000                       1                   1                 453       0.3044176E-05
             FORWARD        1.000000                       1                   1                 454       0.3056076E-05
             FORWARD        1.000000                       1                   1                 455       0.3056651E-05
             FORWARD        1.000000                       1                   1                 456       0.2999022E-05
             FORWARD        1.000000                       1                   1                 457       0.2926841E-05
             FORWARD        1.000000                       1                   1                 458       0.2918748E-05
             FORWARD        1.000000                       1                   1                 459       0.2937183E-05
             FORWARD        1.000000                       1                   1                 460       0.2947698E-05
             FORWARD        1.000000                       1                   1                 461       0.2788913E-05
             FORWARD        1.000000                       1                   1                 462       0.2593020E-05
             FORWARD        1.000000                       1                   1                 463       0.2490203E-05
             FORWARD        1.000000                       1                   1                 464       0.2518655E-05
             FORWARD        1.000000                       1                   1                 465       0.1916246E-05
             FORWARD        1.000000                       1                   1                 466       0.2007666E-05
             FORWARD        1.000000                       1                   1                 467       0.2162797E-05
             FORWARD        1.000000                       1                   1                 468       0.2182144E-05
             FORWARD        1.000000                       1                   1                 469       0.2054337E-05
             FORWARD        1.000000                       1                   1                 470       0.2102423E-05
             FORWARD        1.000000                       1                   1                 471       0.2080301E-05
             FORWARD        1.000000                       1                   1                 472       0.2049992E-05
             FORWARD        1.000000                       1                   1                 473       0.2098269E-05
             FORWARD        1.000000                       1                   1                 474       0.2106144E-05
             FORWARD        1.000000                       1                   1                 475       0.2056541E-05
             FORWARD        1.000000                       1                   1                 476       0.2037708E-05
             FORWARD        1.000000                       1                   1                 477       0.1983132E-05
             FORWARD        1.000000                       1                   1                 478       0.2033611E-05
             FORWARD        1.000000                       1                   1                 479       0.2131567E-05
             FORWARD        1.000000                       1                   1                 480       0.2120878E-05
             FORWARD        1.000000                       1                   1                 481       0.2906560E-05
             FORWARD        1.000000                       1                   1                 482       0.1587427E-05
             FORWARD        1.000000                       1                   1                 483       0.1032896E-05
             FORWARD        1.000000                       1                   1                 484       0.1110468E-05
             FORWARD        1.000000                       1                   1                 485       0.1182237E-05
             FORWARD        1.000000                       1                   1                 486       0.1201945E-05
             FORWARD        1.000000                       1                   1                 487       0.1259909E-05
             FORWARD        1.000000                       1                   1                 488       0.1108130E-05
             FORWARD        1.000000                       1                   1                 489       0.1102869E-05
             FORWARD        1.000000                       1                   1                 490       0.1003319E-05
             FORWARD        1.000000                       1                   1                 491       0.9670058E-06
             FORWARD        1.000000                       1                   1                 492       0.9919260E-06
             FORWARD        1.000000                       1                   1                 493       0.9932847E-06
             FORWARD        1.000000                       1                   1                 494       0.9951089E-06
             FORWARD        1.000000                       1                   1                 495       0.1001358E-05
             FORWARD        1.000000                       1                   1                 496       0.1001327E-05
             FORWARD        1.000000                       1                   1                 497       0.9882481E-06
             FORWARD        1.000000                       1                   1                 498       0.1007665E-05
             FORWARD        1.000000                       1                   1                 499       0.1008539E-05
             FORWARD        1.000000                       1                   1                 500       0.1031599E-05
             FORWARD        1.000000                       1                   1                 501       0.1079626E-05
             FORWARD        1.000000                       1                   1                 502       0.1143895E-05
             FORWARD        1.000000                       1                   1                 503       0.1183533E-05
             FORWARD        1.000000                       1                   1                 504       0.1221271E-05
             FORWARD        1.000000                       1                   1                 505       0.1220692E-05
             FORWARD        1.000000                       1                   1                 506       0.1228620E-05
             FORWARD        1.000000                       1                   1                 507       0.1128052E-05
             FORWARD        1.000000                       1                   1                 508       0.1055777E-05
             FORWARD        1.000000                       1                   1                 509       0.1010586E-05
             FORWARD        1.000000                       1                   1                 510       0.9744021E-06
             FORWARD        1.000000                       1                   1                 511       0.9336030E-06
             FORWARD        1.000000                       1                   1                 512       0.8956082E-06
             FORWARD        1.000000                       1                   1                 513       0.9119719E-06
             FORWARD        1.000000                       1                   1                 514       0.9084356E-06
             FORWARD        1.000000                       1                   1                 515       0.9022661E-06
             FORWARD        1.000000                       1                   1                 516       0.9175757E-06
             FORWARD        1.000000                       1                   1                 517       0.9297299E-06
             FORWARD        1.000000                       1                   1                 518       0.9509421E-06
             FORWARD        1.000000                       1                   1                 519       0.9729674E-06
             FORWARD        1.000000                       1                   1                 520       0.9898411E-06
             FORWARD        1.000000                       1                   1                 521       0.1305080E-05
             FORWARD        1.000000                       1                   1                 522       0.6703226E-06
             FORWARD        1.000000                       1                   1                 523       0.4565010E-06
             FORWARD        1.000000                       1                   1                 524       0.5042664E-06
             FORWARD        1.000000                       1                   1                 525       0.5335125E-06
             FORWARD        1.000000                       1                   1                 526       0.5398368E-06
             FORWARD        1.000000                       1                   1                 527       0.5701840E-06
             FORWARD        1.000000                       1                   1                 528       0.5346639E-06
             FORWARD        1.000000                       1                   1                 529       0.5461487E-06
             FORWARD        1.000000                       1                   1                 530       0.4891219E-06
             FORWARD        1.000000                       1                   1                 531       0.4674536E-06
             FORWARD        1.000000                       1                   1                 532       0.4653305E-06
             FORWARD        1.000000                       1                   1                 533       0.4794139E-06
             FORWARD        1.000000                       1                   1                 534       0.4812982E-06
             FORWARD        1.000000                       1                   1                 535       0.4907027E-06
             FORWARD        1.000000                       1                   1                 536       0.5079817E-06
             FORWARD        1.000000                       1                   1                 537       0.5337788E-06
             FORWARD        1.000000                       1                   1                 538       0.5270911E-06
             FORWARD        1.000000                       1                   1                 539       0.5290325E-06
             FORWARD        1.000000                       1                   1                 540       0.5471731E-06
             FORWARD        1.000000                       1                   1                 541       0.5622534E-06
             FORWARD        1.000000                       1                   1                 542       0.5779916E-06
             FORWARD        1.000000                       1                   1                 543       0.5700209E-06
             FORWARD        1.000000                       1                   1                 544       0.5661514E-06
             FORWARD        1.000000                       1                   1                 545       0.5511883E-06
             FORWARD        1.000000                       1                   1                 546       0.5162951E-06
             FORWARD        1.000000                       1                   1                 547       0.4620301E-06
             FORWARD        1.000000                       1                   1                 548       0.4581579E-06
             FORWARD        1.000000                       1                   1                 549       0.4272532E-06
             FORWARD        1.000000                       1                   1                 550       0.4150778E-06
             FORWARD        1.000000                       1                   1                 551       0.4230016E-06
             FORWARD        1.000000                       1                   1                 552       0.4240944E-06
             FORWARD        1.000000                       1                   1                 553       0.4302446E-06
             FORWARD        1.000000                       1                   1                 554       0.4275817E-06
             FORWARD        1.000000                       1                   1                 555       0.4278535E-06
             FORWARD        1.000000                       1                   1                 556       0.4263165E-06
             FORWARD        1.000000                       1                   1                 557       0.4234190E-06
             FORWARD        1.000000                       1                   1                 558       0.4113919E-06
             FORWARD        1.000000                       1                   1                 559       0.4058400E-06
             FORWARD        1.000000                       1                   1                 560       0.4075267E-06
             FORWARD        1.000000                       1                   1                 561       0.5793965E-06
             FORWARD        1.000000                       1                   1                 562       0.3250175E-06
             FORWARD        1.000000                       1                   1                 563       0.2039439E-06
             FORWARD        1.000000                       1                   1                 564       0.2180022E-06
             FORWARD        1.000000                       1                   1                 565       0.2396156E-06
             FORWARD        1.000000                       1                   1                 566       0.2452442E-06
             FORWARD        1.000000                       1                   1                 567       0.2567391E-06
             FORWARD        1.000000                       1                   1                 568       0.2603212E-06
             FORWARD        1.000000                       1                   1                 569       0.2424401E-06
             FORWARD        1.000000                       1                   1                 570       0.2606025E-06
             FORWARD        1.000000                       1                   1                 571       0.2413964E-06
             FORWARD        1.000000                       1                   1                 572       0.2410667E-06
             FORWARD        1.000000                       1                   1                 573       0.2310929E-06
             FORWARD        1.000000                       1                   1                 574       0.2402868E-06
             FORWARD        1.000000                       1                   1                 575       0.2433933E-06
             FORWARD        1.000000                       1                   1                 576       0.2391516E-06
             FORWARD        1.000000                       1                   1                 577       0.2397115E-06
             FORWARD        1.000000                       1                   1                 578       0.2414189E-06
             FORWARD        1.000000                       1                   1                 579       0.2416098E-06
             FORWARD        1.000000                       1                   1                 580       0.2335868E-06
             FORWARD        1.000000                       1                   1                 581       0.2320091E-06
             FORWARD        1.000000                       1                   1                 582       0.2354059E-06
             FORWARD        1.000000                       1                   1                 583       0.2358822E-06
             FORWARD        1.000000                       1                   1                 584       0.2448352E-06
             FORWARD        1.000000                       1                   1                 585       0.2555003E-06
             FORWARD        1.000000                       1                   1                 586       0.2696291E-06
             FORWARD        1.000000                       1                   1                 587       0.2667172E-06
             FORWARD        1.000000                       1                   1                 588       0.2547445E-06
             FORWARD        1.000000                       1                   1                 589       0.2291493E-06
             FORWARD        1.000000                       1                   1                 590       0.2133843E-06
             FORWARD        1.000000                       1                   1                 591       0.1982674E-06
             FORWARD        1.000000                       1                   1                 592       0.2053413E-06
             FORWARD        1.000000                       1                   1                 593       0.2043872E-06
             FORWARD        1.000000                       1                   1                 594       0.2059761E-06
             FORWARD        1.000000                       1                   1                 595       0.2086718E-06
             FORWARD        1.000000                       1                   1                 596       0.2065357E-06
             FORWARD        1.000000                       1                   1                 597       0.2052696E-06
             FORWARD        1.000000                       1                   1                 598       0.2073468E-06
             FORWARD        1.000000                       1                   1                 599       0.2122276E-06
             FORWARD        1.000000                       1                   1                 600       0.2125276E-06
             FORWARD        1.000000                       1                   1                 601       0.2697049E-06
             FORWARD        1.000000                       1                   1                 602       0.1432071E-06
             FORWARD        1.000000                       1                   1                 603       0.9299524E-07
