           #Job_Name              Period        Period_Index  Polarization_Index Number_of_Iteration            Residual
             FORWARD        1.000000                       1                   1                   1       0.1531626E-10
             FORWARD        1.000000                       1                   2                   1       0.1535582E-10
             FORWARD        10.00000                       2                   1                   1       0.3964471E-05
             FORWARD        10.00000                       2                   1                   2       0.2560890E-05
             FORWARD        10.00000                       2                   1                   3       0.1372251E-05
             FORWARD        10.00000                       2                   1                   4       0.2588594E-06
             FORWARD        10.00000                       2                   1                   5       0.1261669E-06
             FORWARD        10.00000                       2                   1                   6       0.7825532E-07
             FORWARD        10.00000                       2                   1                   7       0.4477796E-07
             FORWARD        10.00000                       2                   1                   8       0.2387018E-07
             FORWARD        10.00000                       2                   1                   9       0.1623342E-07
             FORWARD        10.00000                       2                   1                  10       0.1306014E-07
             FORWARD        10.00000                       2                   1                  11       0.1057961E-07
             FORWARD        10.00000                       2                   1                  12       0.9491651E-08
             FORWARD        10.00000                       2                   1                  13       0.6016975E-08
             FORWARD        10.00000                       2                   1                  14       0.3338978E-08
             FORWARD        10.00000                       2                   1                  15       0.2759437E-08
             FORWARD        10.00000                       2                   1                  16       0.2225749E-08
             FORWARD        10.00000                       2                   1                  17       0.1577543E-08
             FORWARD        10.00000                       2                   1                  18       0.1361121E-08
             FORWARD        10.00000                       2                   1                  19       0.1167587E-08
             FORWARD        10.00000                       2                   1                  20       0.7653629E-09
             FORWARD        10.00000                       2                   1                  21       0.5472037E-09
             FORWARD        10.00000                       2                   1                  22       0.3762487E-09
             FORWARD        10.00000                       2                   1                  23       0.1804233E-09
             FORWARD        10.00000                       2                   1                  24       0.8412947E-10
             FORWARD        10.00000                       2                   2                   1       0.3932591E-05
             FORWARD        10.00000                       2                   2                   2       0.2554706E-05
             FORWARD        10.00000                       2                   2                   3       0.1475380E-05
             FORWARD        10.00000                       2                   2                   4       0.2931855E-06
             FORWARD        10.00000                       2                   2                   5       0.1403350E-06
             FORWARD        10.00000                       2                   2                   6       0.9564112E-07
             FORWARD        10.00000                       2                   2                   7       0.5591460E-07
             FORWARD        10.00000                       2                   2                   8       0.2538045E-07
             FORWARD        10.00000                       2                   2                   9       0.1772228E-07
             FORWARD        10.00000                       2                   2                  10       0.1485312E-07
             FORWARD        10.00000                       2                   2                  11       0.1246048E-07
             FORWARD        10.00000                       2                   2                  12       0.8199984E-08
             FORWARD        10.00000                       2                   2                  13       0.6982910E-08
             FORWARD        10.00000                       2                   2                  14       0.9853927E-08
             FORWARD        10.00000                       2                   2                  15       0.3152712E-08
             FORWARD        10.00000                       2                   2                  16       0.2730949E-08
             FORWARD        10.00000                       2                   2                  17       0.2347333E-08
             FORWARD        10.00000                       2                   2                  18       0.1639003E-08
             FORWARD        10.00000                       2                   2                  19       0.1224892E-08
             FORWARD        10.00000                       2                   2                  20       0.9979402E-09
             FORWARD        10.00000                       2                   2                  21       0.6942564E-09
             FORWARD        10.00000                       2                   2                  22       0.4749338E-09
             FORWARD        10.00000                       2                   2                  23       0.4336078E-09
             FORWARD        10.00000                       2                   2                  24       0.3858247E-09
             FORWARD        10.00000                       2                   2                  25       0.2666743E-09
             FORWARD        10.00000                       2                   2                  26       0.1898024E-09
             FORWARD        10.00000                       2                   2                  27       0.1544404E-09
             FORWARD        10.00000                       2                   2                  28       0.1038616E-09
             FORWARD        10.00000                       2                   2                  29       0.9322355E-10
             FORWARD        100000.0                       4                   1                   1       0.2922792E-01
             FORWARD        100000.0                       4                   1                   2       0.2060034E-01
             FORWARD        100000.0                       4                   1                   3       0.1317008E-01
             FORWARD        100000.0                       4                   1                   4       0.7121441E-02
             FORWARD        100000.0                       4                   1                   5       0.4533347E-02
             FORWARD        100000.0                       4                   1                   6       0.3083091E-02
             FORWARD        100000.0                       4                   1                   7       0.2219258E-02
             FORWARD        100000.0                       4                   1                   8       0.1785662E-02
             FORWARD        100000.0                       4                   1                   9       0.1451951E-02
             FORWARD        100000.0                       4                   1                  10       0.1207719E-02
             FORWARD        100000.0                       4                   1                  11       0.1059712E-02
             FORWARD        100000.0                       4                   1                  12       0.9162226E-03
             FORWARD        100000.0                       4                   1                  13       0.7327402E-03
             FORWARD        100000.0                       4                   1                  14       0.5677629E-03
             FORWARD        100000.0                       4                   1                  15       0.4554029E-03
             FORWARD        100000.0                       4                   1                  16       0.3679415E-03
             FORWARD        100000.0                       4                   1                  17       0.3052585E-03
             FORWARD        100000.0                       4                   1                  18       0.2482473E-03
             FORWARD        100000.0                       4                   1                  19       0.1955928E-03
             FORWARD        100000.0                       4                   1                  20       0.1482133E-03
             FORWARD        100000.0                       4                   1                  21       0.1122306E-03
             FORWARD        100000.0                       4                   1                  22       0.8500212E-04
             FORWARD        100000.0                       4                   1                  23       0.6530286E-04
             FORWARD        100000.0                       4                   1                  24       0.5085941E-04
             FORWARD        100000.0                       4                   1                  25       0.3759481E-04
             FORWARD        100000.0                       4                   1                  26       0.1742010E-04
             FORWARD        100000.0                       4                   1                  27       0.5046233E-05
             FORWARD        100000.0                       4                   1                  28       0.3502122E-05
             FORWARD        100000.0                       4                   1                  29       0.1920498E-05
             FORWARD        100000.0                       4                   1                  30       0.6415635E-06
             FORWARD        100000.0                       4                   1                  31       0.2843713E-06
             FORWARD        100000.0                       4                   1                  32       0.1819306E-06
             FORWARD        100000.0                       4                   1                  33       0.1259917E-06
             FORWARD        100000.0                       4                   1                  34       0.8778652E-07
             FORWARD        100000.0                       4                   1                  35       0.5810461E-07
             FORWARD        100000.0                       4                   1                  36       0.2773260E-07
             FORWARD        100000.0                       4                   1                  37       0.1162595E-07
             FORWARD        100000.0                       4                   1                  38       0.1999033E-08
             FORWARD        100000.0                       4                   1                  39       0.6480079E-09
             FORWARD        100000.0                       4                   1                  40       0.5226774E-09
             FORWARD        100000.0                       4                   1                  41       0.2486283E-09
             FORWARD        100000.0                       4                   1                  42       0.9776572E-10
             FORWARD        100.0000                       3                   1                   1       0.1334915E-02
             FORWARD        100.0000                       3                   1                   2       0.9335842E-03
             FORWARD        100.0000                       3                   1                   3       0.5916968E-03
             FORWARD        100.0000                       3                   1                   4       0.3108404E-03
             FORWARD        100.0000                       3                   1                   5       0.1921389E-03
             FORWARD        100.0000                       3                   1                   6       0.1281171E-03
             FORWARD        100.0000                       3                   1                   7       0.9083412E-04
             FORWARD        100.0000                       3                   1                   8       0.7227477E-04
             FORWARD        100.0000                       3                   1                   9       0.5799696E-04
             FORWARD        100.0000                       3                   1                  10       0.4757812E-04
             FORWARD        100.0000                       3                   1                  11       0.4146727E-04
             FORWARD        100.0000                       3                   1                  12       0.3566657E-04
             FORWARD        100.0000                       3                   1                  13       0.2841634E-04
             FORWARD        100.0000                       3                   1                  14       0.2207672E-04
             FORWARD        100.0000                       3                   1                  15       0.1747717E-04
             FORWARD        100.0000                       3                   1                  16       0.1374811E-04
             FORWARD        100.0000                       3                   1                  17       0.1133242E-04
             FORWARD        100.0000                       3                   1                  18       0.9215732E-05
             FORWARD        100.0000                       3                   1                  19       0.7194124E-05
             FORWARD        100.0000                       3                   1                  20       0.5422689E-05
             FORWARD        100.0000                       3                   1                  21       0.4138511E-05
             FORWARD        100.0000                       3                   1                  22       0.3155751E-05
             FORWARD        100.0000                       3                   1                  23       0.2433412E-05
             FORWARD        100.0000                       3                   1                  24       0.1903479E-05
             FORWARD        100.0000                       3                   1                  25       0.1415356E-05
             FORWARD        100.0000                       3                   1                  26       0.1030142E-05
             FORWARD        100.0000                       3                   1                  27       0.7876326E-06
             FORWARD        100.0000                       3                   1                  28       0.5777377E-06
             FORWARD        100.0000                       3                   1                  29       0.3223641E-06
             FORWARD        100.0000                       3                   1                  30       0.8744796E-07
             FORWARD        100.0000                       3                   1                  31       0.2925176E-07
             FORWARD        100.0000                       3                   1                  32       0.1461103E-07
             FORWARD        100.0000                       3                   1                  33       0.8118315E-08
             FORWARD        100.0000                       3                   1                  34       0.4987208E-08
             FORWARD        100.0000                       3                   1                  35       0.3122564E-08
             FORWARD        100.0000                       3                   1                  36       0.1310795E-08
             FORWARD        100.0000                       3                   1                  37       0.4663657E-09
             FORWARD        100.0000                       3                   1                  38       0.3018241E-09
             FORWARD        100.0000                       3                   1                  39       0.2391349E-09
             FORWARD        100.0000                       3                   1                  40       0.2057795E-09
             FORWARD        100.0000                       3                   1                  41       0.1427345E-09
             FORWARD        100.0000                       3                   1                  42       0.1164751E-09
             FORWARD        100.0000                       3                   1                  43       0.7095954E-11
             FORWARD        100000.0                       4                   2                   1       0.2849312E-01
             FORWARD        100000.0                       4                   2                   2       0.2060641E-01
             FORWARD        100000.0                       4                   2                   3       0.1352018E-01
             FORWARD        100000.0                       4                   2                   4       0.7421641E-02
             FORWARD        100000.0                       4                   2                   5       0.4777861E-02
             FORWARD        100000.0                       4                   2                   6       0.3310614E-02
             FORWARD        100000.0                       4                   2                   7       0.2364223E-02
             FORWARD        100000.0                       4                   2                   8       0.1903920E-02
             FORWARD        100000.0                       4                   2                   9       0.1571632E-02
             FORWARD        100000.0                       4                   2                  10       0.1316818E-02
             FORWARD        100000.0                       4                   2                  11       0.1153327E-02
             FORWARD        100000.0                       4                   2                  12       0.1011508E-02
             FORWARD        100000.0                       4                   2                  13       0.8294131E-03
             FORWARD        100000.0                       4                   2                  14       0.6282645E-03
             FORWARD        100000.0                       4                   2                  15       0.5006774E-03
             FORWARD        100000.0                       4                   2                  16       0.4039330E-03
             FORWARD        100000.0                       4                   2                  17       0.3370945E-03
             FORWARD        100000.0                       4                   2                  18       0.2819168E-03
             FORWARD        100000.0                       4                   2                  19       0.2254740E-03
             FORWARD        100000.0                       4                   2                  20       0.1699366E-03
             FORWARD        100000.0                       4                   2                  21       0.1274159E-03
             FORWARD        100000.0                       4                   2                  22       0.1007863E-03
             FORWARD        100000.0                       4                   2                  23       0.7882277E-04
             FORWARD        100000.0                       4                   2                  24       0.5986599E-04
             FORWARD        100000.0                       4                   2                  25       0.4608951E-04
             FORWARD        100000.0                       4                   2                  26       0.3485645E-04
             FORWARD        100000.0                       4                   2                  27       0.2523648E-04
             FORWARD        100000.0                       4                   2                  28       0.1722649E-04
             FORWARD        100000.0                       4                   2                  29       0.4699883E-05
             FORWARD        100000.0                       4                   2                  30       0.2478759E-05
             FORWARD        100000.0                       4                   2                  31       0.3210343E-06
             FORWARD        100000.0                       4                   2                  32       0.9843147E-07
             FORWARD        100000.0                       4                   2                  33       0.4306607E-07
             FORWARD        100000.0                       4                   2                  34       0.2466780E-07
             FORWARD        100000.0                       4                   2                  35       0.1829205E-07
             FORWARD        100000.0                       4                   2                  36       0.1400876E-07
             FORWARD        100000.0                       4                   2                  37       0.1061653E-07
             FORWARD        100000.0                       4                   2                  38       0.6176739E-08
             FORWARD        100000.0                       4                   2                  39       0.4278449E-08
             FORWARD        100000.0                       4                   2                  40       0.2077172E-08
             FORWARD        100000.0                       4                   2                  41       0.1730036E-08
             FORWARD        100000.0                       4                   2                  42       0.1720423E-08
             FORWARD        100000.0                       4                   2                  43       0.3006674E-09
             FORWARD        100000.0                       4                   2                  44       0.1540018E-09
             FORWARD        100000.0                       4                   2                  45       0.6017586E-10
             FORWARD        100.0000                       3                   2                   1       0.1302285E-02
             FORWARD        100.0000                       3                   2                   2       0.9345914E-03
             FORWARD        100.0000                       3                   2                   3       0.6078604E-03
             FORWARD        100.0000                       3                   2                   4       0.3249290E-03
             FORWARD        100.0000                       3                   2                   5       0.2034314E-03
             FORWARD        100.0000                       3                   2                   6       0.1383950E-03
             FORWARD        100.0000                       3                   2                   7       0.9716616E-04
             FORWARD        100.0000                       3                   2                   8       0.7722614E-04
             FORWARD        100.0000                       3                   2                   9       0.6304217E-04
             FORWARD        100.0000                       3                   2                  10       0.5213107E-04
             FORWARD        100.0000                       3                   2                  11       0.4511459E-04
             FORWARD        100.0000                       3                   2                  12       0.3933543E-04
             FORWARD        100.0000                       3                   2                  13       0.3205940E-04
             FORWARD        100.0000                       3                   2                  14       0.2389371E-04
             FORWARD        100.0000                       3                   2                  15       0.1887027E-04
             FORWARD        100.0000                       3                   2                  16       0.1519517E-04
             FORWARD        100.0000                       3                   2                  17       0.1271200E-04
             FORWARD        100.0000                       3                   2                  18       0.1065064E-04
             FORWARD        100.0000                       3                   2                  19       0.8439617E-05
             FORWARD        100.0000                       3                   2                  20       0.6270941E-05
             FORWARD        100.0000                       3                   2                  21       0.4759914E-05
             FORWARD        100.0000                       3                   2                  22       0.3822634E-05
             FORWARD        100.0000                       3                   2                  23       0.2990896E-05
             FORWARD        100.0000                       3                   2                  24       0.2203073E-05
             FORWARD        100.0000                       3                   2                  25       0.1707617E-05
             FORWARD        100.0000                       3                   2                  26       0.1361670E-05
             FORWARD        100.0000                       3                   2                  27       0.1015081E-05
             FORWARD        100.0000                       3                   2                  28       0.7049837E-06
             FORWARD        100.0000                       3                   2                  29       0.4281004E-06
             FORWARD        100.0000                       3                   2                  30       0.1575055E-06
             FORWARD        100.0000                       3                   2                  31       0.4366861E-07
             FORWARD        100.0000                       3                   2                  32       0.1638753E-07
             FORWARD        100.0000                       3                   2                  33       0.7089505E-08
             FORWARD        100.0000                       3                   2                  34       0.2706930E-08
             FORWARD        100.0000                       3                   2                  35       0.1736557E-08
             FORWARD        100.0000                       3                   2                  36       0.1372926E-08
             FORWARD        100.0000                       3                   2                  37       0.1077542E-08
             FORWARD        100.0000                       3                   2                  38       0.7586221E-09
             FORWARD        100.0000                       3                   2                  39       0.7231237E-09
             FORWARD        100.0000                       3                   2                  40       0.4036021E-09
             FORWARD        100.0000                       3                   2                  41       0.3547754E-09
             FORWARD        100.0000                       3                   2                  42       0.1751157E-09
             FORWARD        100.0000                       3                   2                  43       0.5139411E-10
