           #Job_Name              Period        Period_Index  Polarization_Index Number_of_Iteration            Residual
             FORWARD        1.000000                       1                   2                   1       0.3012105E-06
             FORWARD        1.000000                       1                   2                   2       0.6252752E-08
             FORWARD        10.00000                       2                   2                   1       0.8345897E-06
             FORWARD        10.00000                       2                   2                   2       0.7668920E-07
             FORWARD        10.00000                       2                   1                   1       0.8541516E-06
             FORWARD        10.00000                       2                   1                   2       0.8033710E-07
             FORWARD        1.000000                       1                   1                   1       0.3082705E-06
             FORWARD        1.000000                       1                   1                   2       0.6572565E-08
             FORWARD        100.0000                       3                   1                   1       0.2227725E-03
             FORWARD        100.0000                       3                   1                   2       0.5759562E-04
             FORWARD        100.0000                       3                   1                   3       0.3175195E-04
             FORWARD        100.0000                       3                   1                   4       0.1773331E-04
             FORWARD        100.0000                       3                   1                   5       0.1202146E-04
             FORWARD        100.0000                       3                   1                   6       0.7867942E-05
             FORWARD        100.0000                       3                   1                   7       0.6483431E-05
             FORWARD        100.0000                       3                   1                   8       0.6267346E-05
             FORWARD        100.0000                       3                   1                   9       0.4584930E-05
             FORWARD        100.0000                       3                   1                  10       0.2151514E-05
             FORWARD        100.0000                       3                   1                  11       0.8316853E-06
             FORWARD        100.0000                       3                   1                  12       0.3031252E-06
             FORWARD        100.0000                       3                   1                  13       0.1395264E-06
             FORWARD        100.0000                       3                   1                  14       0.8003003E-07
             FORWARD        100.0000                       3                   2                   1       0.2176706E-03
             FORWARD        100.0000                       3                   2                   2       0.5428733E-04
             FORWARD        100.0000                       3                   2                   3       0.3032424E-04
             FORWARD        100.0000                       3                   2                   4       0.1706714E-04
             FORWARD        100.0000                       3                   2                   5       0.1193833E-04
             FORWARD        100.0000                       3                   2                   6       0.7946700E-05
             FORWARD        100.0000                       3                   2                   7       0.6030470E-05
             FORWARD        100.0000                       3                   2                   8       0.5497055E-05
             FORWARD        100.0000                       3                   2                   9       0.5328778E-05
             FORWARD        100.0000                       3                   2                  10       0.4103277E-05
             FORWARD        100.0000                       3                   2                  11       0.2433760E-05
             FORWARD        100.0000                       3                   2                  12       0.1134509E-05
             FORWARD        100.0000                       3                   2                  13       0.4698111E-06
             FORWARD        100.0000                       3                   2                  14       0.3360252E-06
             FORWARD        100.0000                       3                   2                  15       0.2437040E-06
             FORWARD        100.0000                       3                   2                  16       0.1224794E-06
             FORWARD        100.0000                       3                   2                  17       0.4355187E-07
             FORWARD        1000.000                       4                   1                   1       0.2549527E-02
             FORWARD        1000.000                       4                   1                   2       0.6803045E-03
             FORWARD        1000.000                       4                   1                   3       0.3821003E-03
             FORWARD        1000.000                       4                   1                   4       0.2210731E-03
             FORWARD        1000.000                       4                   1                   5       0.1530925E-03
             FORWARD        1000.000                       4                   1                   6       0.1017891E-03
             FORWARD        1000.000                       4                   1                   7       0.8480552E-04
             FORWARD        1000.000                       4                   1                   8       0.8287123E-04
             FORWARD        1000.000                       4                   1                   9       0.6268733E-04
             FORWARD        1000.000                       4                   1                  10       0.2996407E-04
             FORWARD        1000.000                       4                   1                  11       0.1154855E-04
             FORWARD        1000.000                       4                   1                  12       0.4100460E-05
             FORWARD        1000.000                       4                   1                  13       0.1873179E-05
             FORWARD        1000.000                       4                   1                  14       0.1090831E-05
             FORWARD        1000.000                       4                   1                  15       0.6851061E-06
             FORWARD        1000.000                       4                   1                  16       0.4365672E-06
             FORWARD        1000.000                       4                   1                  17       0.3017013E-06
             FORWARD        1000.000                       4                   1                  18       0.2007252E-06
             FORWARD        1000.000                       4                   1                  19       0.8348473E-07
             FORWARD        1000.000                       4                   2                   1       0.2491137E-02
             FORWARD        1000.000                       4                   2                   2       0.6409857E-03
             FORWARD        1000.000                       4                   2                   3       0.3637315E-03
             FORWARD        1000.000                       4                   2                   4       0.2116795E-03
             FORWARD        1000.000                       4                   2                   5       0.1511045E-03
             FORWARD        1000.000                       4                   2                   6       0.1022395E-03
             FORWARD        1000.000                       4                   2                   7       0.7844894E-04
             FORWARD        1000.000                       4                   2                   8       0.7192445E-04
             FORWARD        1000.000                       4                   2                   9       0.7014420E-04
             FORWARD        1000.000                       4                   2                  10       0.5564900E-04
             FORWARD        1000.000                       4                   2                  11       0.3379307E-04
             FORWARD        1000.000                       4                   2                  12       0.1591895E-04
             FORWARD        1000.000                       4                   2                  13       0.6483437E-05
             FORWARD        1000.000                       4                   2                  14       0.4683806E-05
             FORWARD        1000.000                       4                   2                  15       0.3388493E-05
             FORWARD        1000.000                       4                   2                  16       0.1708494E-05
             FORWARD        1000.000                       4                   2                  17       0.6151457E-06
             FORWARD        1000.000                       4                   2                  18       0.2602657E-06
             FORWARD        1000.000                       4                   2                  19       0.1795239E-06
             FORWARD        1000.000                       4                   2                  20       0.1429860E-06
             FORWARD        1000.000                       4                   2                  21       0.1152647E-06
             FORWARD        1000.000                       4                   2                  22       0.5763241E-07
