           #Job_Name              Period        Period_Index  Polarization_Index Number_of_Iteration            Residual
             FORWARD        1.000000                       1                   1                   1       0.4614165    
             FORWARD        1.000000                       1                   1                   2       0.1469123    
             FORWARD        1.000000                       1                   1                   3       0.6518887E-01
             FORWARD        1.000000                       1                   1                   4       0.4370239E-01
             FORWARD        1.000000                       1                   1                   5       0.4356374E-01
             FORWARD        1.000000                       1                   1                   6       0.1074030    
             FORWARD        1.000000                       1                   1                   7       0.2495699E-01
             FORWARD        1.000000                       1                   1                   8       0.2126247E-01
             FORWARD        1.000000                       1                   1                   9       0.1802644E-01
             FORWARD        1.000000                       1                   1                  10       0.1358579E-01
             FORWARD        1.000000                       1                   1                  11       0.1232310E-01
             FORWARD        1.000000                       1                   1                  12       0.1068433E-01
             FORWARD        1.000000                       1                   1                  13       0.1061785E-01
             FORWARD        1.000000                       1                   1                  14       0.8919802E-02
             FORWARD        1.000000                       1                   1                  15       0.8463685E-02
             FORWARD        1.000000                       1                   1                  16       0.8849037E-02
             FORWARD        1.000000                       1                   1                  17       0.1082879E-01
             FORWARD        1.000000                       1                   1                  18       0.1342003E-01
             FORWARD        1.000000                       1                   1                  19       0.1346329E-01
             FORWARD        1.000000                       1                   1                  20       0.1180211E-01
             FORWARD        1.000000                       1                   1                  21       0.1717305E-01
             FORWARD        1.000000                       1                   1                  22       0.1571919E-01
             FORWARD        1.000000                       1                   1                  23       0.9250626E-02
             FORWARD        1.000000                       1                   1                  24       0.7883630E-02
             FORWARD        1.000000                       1                   1                  25       0.8206459E-02
             FORWARD        1.000000                       1                   1                  26       0.1171711E-01
             FORWARD        1.000000                       1                   1                  27       0.9434986E-02
             FORWARD        1.000000                       1                   1                  28       0.8903876E-02
             FORWARD        1.000000                       1                   1                  29       0.8259390E-02
             FORWARD        1.000000                       1                   1                  30       0.1089503E-01
             FORWARD        1.000000                       1                   1                  31       0.9830380E-02
             FORWARD        1.000000                       1                   1                  32       0.1134952E-01
             FORWARD        1.000000                       1                   1                  33       0.1077692E-01
             FORWARD        1.000000                       1                   1                  34       0.1844385E-01
             FORWARD        1.000000                       1                   1                  35       0.1342840E-01
             FORWARD        1.000000                       1                   1                  36       0.1120819E-01
             FORWARD        1.000000                       1                   1                  37       0.1079003E-01
             FORWARD        1.000000                       1                   1                  38       0.1008515E-01
             FORWARD        1.000000                       1                   1                  39       0.9911731E-02
             FORWARD        1.000000                       1                   1                  40       0.7883630E-02
             FORWARD        1.000000                       1                   1                  41       0.9509576E-02
             FORWARD        1.000000                       1                   1                  42       0.6518428E-02
             FORWARD        1.000000                       1                   1                  43       0.6595286E-02
             FORWARD        1.000000                       1                   1                  44       0.7553617E-02
             FORWARD        1.000000                       1                   1                  45       0.1091461E-01
             FORWARD        1.000000                       1                   1                  46       0.7523743E-02
             FORWARD        1.000000                       1                   1                  47       0.5818785E-02
             FORWARD        1.000000                       1                   1                  48       0.5414495E-02
             FORWARD        1.000000                       1                   1                  49       0.4997121E-02
             FORWARD        1.000000                       1                   1                  50       0.5668228E-02
             FORWARD        1.000000                       1                   1                  51       0.5266789E-02
             FORWARD        1.000000                       1                   1                  52       0.5200628E-02
             FORWARD        1.000000                       1                   1                  53       0.4671398E-02
             FORWARD        1.000000                       1                   1                  54       0.3811827E-02
             FORWARD        1.000000                       1                   1                  55       0.3387816E-02
             FORWARD        1.000000                       1                   1                  56       0.2459844E-02
             FORWARD        1.000000                       1                   1                  57       0.2151671E-02
             FORWARD        1.000000                       1                   1                  58       0.2479505E-02
             FORWARD        1.000000                       1                   1                  59       0.1808527E-02
             FORWARD        1.000000                       1                   1                  60       0.1701776E-02
             FORWARD        1.000000                       1                   1                  61       0.2045694E-02
             FORWARD        1.000000                       1                   1                  62       0.2336390E-02
             FORWARD        1.000000                       1                   1                  63       0.1449739E-02
             FORWARD        1.000000                       1                   1                  64       0.1266217E-02
             FORWARD        1.000000                       1                   1                  65       0.1188338E-02
             FORWARD        1.000000                       1                   1                  66       0.1230869E-02
             FORWARD        1.000000                       1                   1                  67       0.1922102E-02
             FORWARD        1.000000                       1                   1                  68       0.1613274E-02
             FORWARD        1.000000                       1                   1                  69       0.8720416E-03
             FORWARD        1.000000                       1                   1                  70       0.8295604E-03
             FORWARD        1.000000                       1                   1                  71       0.6618874E-03
             FORWARD        1.000000                       1                   1                  72       0.6245021E-03
             FORWARD        1.000000                       1                   1                  73       0.6426625E-03
             FORWARD        1.000000                       1                   1                  74       0.5587195E-03
             FORWARD        1.000000                       1                   1                  75       0.5385604E-03
             FORWARD        1.000000                       1                   1                  76       0.5639883E-03
             FORWARD        1.000000                       1                   1                  77       0.5475492E-03
             FORWARD        1.000000                       1                   1                  78       0.5152490E-03
             FORWARD        1.000000                       1                   1                  79       0.4920156E-03
             FORWARD        1.000000                       1                   1                  80       0.4905755E-03
             FORWARD        1.000000                       1                   1                  81       0.8643003E-03
             FORWARD        1.000000                       1                   1                  82       0.5248243E-03
             FORWARD        1.000000                       1                   1                  83       0.5076785E-03
             FORWARD        1.000000                       1                   1                  84       0.5296898E-03
             FORWARD        1.000000                       1                   1                  85       0.7558397E-03
             FORWARD        1.000000                       1                   1                  86       0.7750018E-03
             FORWARD        1.000000                       1                   1                  87       0.5913158E-03
             FORWARD        1.000000                       1                   1                  88       0.4959237E-03
             FORWARD        1.000000                       1                   1                  89       0.4594017E-03
             FORWARD        1.000000                       1                   1                  90       0.3743655E-03
             FORWARD        1.000000                       1                   1                  91       0.3337498E-03
             FORWARD        1.000000                       1                   1                  92       0.3637530E-03
             FORWARD        1.000000                       1                   1                  93       0.3217197E-03
             FORWARD        1.000000                       1                   1                  94       0.2449044E-03
             FORWARD        1.000000                       1                   1                  95       0.3704847E-03
             FORWARD        1.000000                       1                   1                  96       0.3653286E-03
             FORWARD        1.000000                       1                   1                  97       0.3002754E-03
             FORWARD        1.000000                       1                   1                  98       0.1810449E-03
             FORWARD        1.000000                       1                   1                  99       0.1538351E-03
             FORWARD        1.000000                       1                   1                 100       0.1630607E-03
             FORWARD        1.000000                       1                   1                 101       0.1504544E-03
             FORWARD        1.000000                       1                   1                 102       0.1511860E-03
             FORWARD        1.000000                       1                   1                 103       0.1301375E-03
             FORWARD        1.000000                       1                   1                 104       0.1080884E-03
             FORWARD        1.000000                       1                   1                 105       0.8339376E-04
             FORWARD        1.000000                       1                   1                 106       0.7648521E-04
             FORWARD        1.000000                       1                   1                 107       0.7617143E-04
             FORWARD        1.000000                       1                   1                 108       0.7493284E-04
             FORWARD        1.000000                       1                   1                 109       0.7141091E-04
             FORWARD        1.000000                       1                   1                 110       0.9944975E-04
             FORWARD        1.000000                       1                   1                 111       0.8265978E-04
             FORWARD        1.000000                       1                   1                 112       0.1194992E-03
             FORWARD        1.000000                       1                   1                 113       0.1779210E-03
             FORWARD        1.000000                       1                   1                 114       0.1105529E-03
             FORWARD        1.000000                       1                   1                 115       0.4346755E-04
             FORWARD        1.000000                       1                   1                 116       0.4288280E-04
             FORWARD        1.000000                       1                   1                 117       0.4194858E-04
             FORWARD        1.000000                       1                   1                 118       0.4254605E-04
             FORWARD        1.000000                       1                   1                 119       0.3937336E-04
             FORWARD        1.000000                       1                   1                 120       0.3937336E-04
             FORWARD        1.000000                       1                   1                 121       0.6302409E-04
             FORWARD        1.000000                       1                   1                 122       0.3400756E-04
             FORWARD        1.000000                       1                   1                 123       0.2988386E-04
             FORWARD        1.000000                       1                   1                 124       0.3034358E-04
             FORWARD        1.000000                       1                   1                 125       0.4867141E-04
             FORWARD        1.000000                       1                   1                 126       0.3861449E-04
             FORWARD        1.000000                       1                   1                 127       0.2938015E-04
             FORWARD        1.000000                       1                   1                 128       0.3062757E-04
             FORWARD        1.000000                       1                   1                 129       0.2699575E-04
             FORWARD        1.000000                       1                   1                 130       0.3077125E-04
             FORWARD        1.000000                       1                   1                 131       0.2673456E-04
             FORWARD        1.000000                       1                   1                 132       0.2292430E-04
             FORWARD        1.000000                       1                   1                 133       0.1992816E-04
             FORWARD        1.000000                       1                   1                 134       0.1889949E-04
             FORWARD        1.000000                       1                   1                 135       0.1705596E-04
             FORWARD        1.000000                       1                   1                 136       0.1908406E-04
             FORWARD        1.000000                       1                   1                 137       0.1911595E-04
             FORWARD        1.000000                       1                   1                 138       0.1753604E-04
             FORWARD        1.000000                       1                   1                 139       0.1680634E-04
             FORWARD        1.000000                       1                   1                 140       0.2186438E-04
             FORWARD        1.000000                       1                   1                 141       0.2460473E-04
             FORWARD        1.000000                       1                   1                 142       0.2350513E-04
             FORWARD        1.000000                       1                   1                 143       0.1634593E-04
             FORWARD        1.000000                       1                   1                 144       0.1931902E-04
             FORWARD        1.000000                       1                   1                 145       0.2574254E-04
             FORWARD        1.000000                       1                   1                 146       0.1142741E-04
             FORWARD        1.000000                       1                   1                 147       0.1004415E-04
             FORWARD        1.000000                       1                   1                 148       0.9873924E-05
             FORWARD        1.000000                       1                   1                 149       0.1110714E-04
             FORWARD        1.000000                       1                   1                 150       0.1077412E-04
             FORWARD        1.000000                       1                   1                 151       0.1097837E-04
             FORWARD        1.000000                       1                   1                 152       0.1109113E-04
             FORWARD        1.000000                       1                   1                 153       0.1078689E-04
             FORWARD        1.000000                       1                   1                 154       0.1013308E-04
             FORWARD        1.000000                       1                   1                 155       0.9644371E-05
             FORWARD        1.000000                       1                   1                 156       0.9449282E-05
             FORWARD        1.000000                       1                   1                 157       0.9017714E-05
             FORWARD        1.000000                       1                   1                 158       0.7642796E-05
             FORWARD        1.000000                       1                   1                 159       0.6734009E-05
             FORWARD        1.000000                       1                   1                 160       0.5786997E-05
             FORWARD        1.000000                       1                   1                 161       0.8645929E-05
             FORWARD        1.000000                       1                   1                 162       0.6060633E-05
             FORWARD        1.000000                       1                   1                 163       0.5888515E-05
             FORWARD        1.000000                       1                   1                 164       0.5923098E-05
             FORWARD        1.000000                       1                   1                 165       0.9636930E-05
             FORWARD        1.000000                       1                   1                 166       0.6680660E-05
             FORWARD        1.000000                       1                   1                 167       0.4868897E-05
             FORWARD        1.000000                       1                   1                 168       0.4154595E-05
             FORWARD        1.000000                       1                   1                 169       0.3655682E-05
             FORWARD        1.000000                       1                   1                 170       0.3066434E-05
             FORWARD        1.000000                       1                   1                 171       0.3635134E-05
             FORWARD        1.000000                       1                   1                 172       0.5643110E-05
             FORWARD        1.000000                       1                   1                 173       0.7511767E-04
             FORWARD        1.000000                       1                   1                 174       0.9984697E-05
             FORWARD        1.000000                       1                   1                 175       0.6278048E-05
             FORWARD        1.000000                       1                   1                 176       0.5182467E-05
             FORWARD        1.000000                       1                   1                 177       0.5085225E-05
             FORWARD        1.000000                       1                   1                 178       0.3332073E-05
             FORWARD        1.000000                       1                   1                 179       0.2800348E-05
             FORWARD        1.000000                       1                   1                 180       0.2408977E-05
             FORWARD        1.000000                       1                   1                 181       0.1896232E-05
             FORWARD        1.000000                       1                   1                 182       0.1682121E-05
             FORWARD        1.000000                       1                   1                 183       0.1494462E-05
             FORWARD        1.000000                       1                   1                 184       0.1139921E-05
             FORWARD        1.000000                       1                   1                 185       0.1091060E-05
             FORWARD        1.000000                       1                   1                 186       0.1074653E-05
             FORWARD        1.000000                       1                   1                 187       0.1025249E-05
             FORWARD        1.000000                       1                   1                 188       0.1007625E-05
             FORWARD        1.000000                       1                   1                 189       0.9267943E-06
             FORWARD        1.000000                       1                   1                 190       0.6721161E-06
             FORWARD        1.000000                       1                   1                 191       0.6233951E-06
             FORWARD        1.000000                       1                   1                 192       0.7262234E-06
             FORWARD        1.000000                       1                   1                 193       0.5397561E-06
             FORWARD        1.000000                       1                   1                 194       0.5216655E-06
             FORWARD        1.000000                       1                   1                 195       0.5120298E-06
             FORWARD        1.000000                       1                   1                 196       0.4750417E-06
             FORWARD        1.000000                       1                   1                 197       0.4655682E-06
             FORWARD        1.000000                       1                   1                 198       0.4231231E-06
             FORWARD        1.000000                       1                   1                 199       0.4052448E-06
             FORWARD        1.000000                       1                   1                 200       0.4052448E-06
             FORWARD        1.000000                       1                   1                 201       0.6805885E-06
             FORWARD        1.000000                       1                   1                 202       0.3878448E-06
             FORWARD        1.000000                       1                   1                 203       0.3659283E-06
             FORWARD        1.000000                       1                   1                 204       0.4252059E-06
             FORWARD        1.000000                       1                   1                 205       0.7584275E-06
             FORWARD        1.000000                       1                   1                 206       0.5552418E-06
             FORWARD        1.000000                       1                   1                 207       0.4095606E-06
             FORWARD        1.000000                       1                   1                 208       0.4032591E-06
             FORWARD        1.000000                       1                   1                 209       0.3831689E-06
             FORWARD        1.000000                       1                   1                 210       0.5686022E-06
             FORWARD        1.000000                       1                   1                 211       0.5044332E-06
             FORWARD        1.000000                       1                   1                 212       0.4112660E-06
             FORWARD        1.000000                       1                   1                 213       0.3174963E-06
             FORWARD        1.000000                       1                   1                 214       0.2961633E-06
             FORWARD        1.000000                       1                   1                 215       0.2919025E-06
             FORWARD        1.000000                       1                   1                 216       0.2660546E-06
             FORWARD        1.000000                       1                   1                 217       0.2593406E-06
             FORWARD        1.000000                       1                   1                 218       0.2234029E-06
             FORWARD        1.000000                       1                   1                 219       0.2129604E-06
             FORWARD        1.000000                       1                   1                 220       0.3130361E-06
             FORWARD        1.000000                       1                   1                 221       0.2442735E-06
             FORWARD        1.000000                       1                   1                 222       0.1782190E-06
             FORWARD        1.000000                       1                   1                 223       0.1750563E-06
             FORWARD        1.000000                       1                   1                 224       0.2387880E-06
             FORWARD        1.000000                       1                   1                 225       0.1018584E-06
             FORWARD        1.000000                       1                   1                 226       0.1000592E-06
             FORWARD        1.000000                       1                   1                 227       0.9343369E-07
             FORWARD        1.000000                       1                   1                 228       0.9080532E-07
             FORWARD        1.000000                       1                   1                 229       0.8985639E-07
             FORWARD        1.000000                       1                   1                 230       0.8631091E-07
             FORWARD        1.000000                       1                   1                 231       0.8263912E-07
             FORWARD        1.000000                       1                   1                 232       0.8234601E-07
             FORWARD        1.000000                       1                   1                 233       0.9200583E-07
             FORWARD        1.000000                       1                   1                 234       0.9273572E-07
             FORWARD        1.000000                       1                   1                 235       0.8679693E-07
             FORWARD        1.000000                       1                   1                 236       0.8717423E-07
             FORWARD        1.000000                       1                   1                 237       0.8379305E-07
             FORWARD        1.000000                       1                   1                 238       0.1915721E-06
             FORWARD        1.000000                       1                   1                 239       0.1333165E-06
             FORWARD        1.000000                       1                   1                 240       0.7331409E-07
             FORWARD        1.000000                       1                   1                 241       0.9112146E-07
             FORWARD        1.000000                       1                   1                 242       0.4105672E-07
             FORWARD        1.000000                       1                   1                 243       0.3512385E-07
             FORWARD        1.000000                       1                   1                 244       0.3376576E-07
             FORWARD        1.000000                       1                   1                 245       0.3785392E-07
             FORWARD        1.000000                       1                   1                 246       0.8413870E-07
             FORWARD        1.000000                       1                   1                 247       0.4635663E-07
             FORWARD        1.000000                       1                   1                 248       0.3486340E-07
             FORWARD        1.000000                       1                   1                 249       0.2915660E-07
             FORWARD        1.000000                       1                   1                 250       0.2656436E-07
             FORWARD        1.000000                       1                   1                 251       0.2200260E-07
             FORWARD        1.000000                       1                   1                 252       0.2110496E-07
             FORWARD        1.000000                       1                   1                 253       0.3175724E-07
             FORWARD        1.000000                       1                   1                 254       0.6381460E-07
             FORWARD        1.000000                       1                   1                 255       0.4859610E-07
             FORWARD        1.000000                       1                   1                 256       0.3217744E-07
             FORWARD        1.000000                       1                   1                 257       0.3463959E-07
             FORWARD        1.000000                       1                   1                 258       0.4777277E-07
             FORWARD        1.000000                       1                   1                 259       0.2075199E-07
             FORWARD        1.000000                       1                   1                 260       0.2163150E-07
             FORWARD        1.000000                       1                   1                 261       0.1319785E-07
             FORWARD        1.000000                       1                   1                 262       0.9518003E-08
             FORWARD        1.000000                       1                   1                 263       0.8506219E-08
             FORWARD        1.000000                       1                   1                 264       0.7629801E-08
             FORWARD        1.000000                       1                   1                 265       0.7537594E-08
             FORWARD        1.000000                       1                   1                 266       0.5972517E-08
             FORWARD        1.000000                       1                   1                 267       0.5878999E-08
             FORWARD        1.000000                       1                   1                 268       0.5411321E-08
             FORWARD        1.000000                       1                   1                 269       0.5350818E-08
             FORWARD        1.000000                       1                   1                 270       0.5724534E-08
             FORWARD        1.000000                       1                   1                 271       0.1091484E-07
             FORWARD        1.000000                       1                   1                 272       0.6488985E-08
             FORWARD        1.000000                       1                   1                 273       0.1184471E-07
             FORWARD        1.000000                       1                   1                 274       0.6756102E-08
             FORWARD        1.000000                       1                   1                 275       0.7153262E-08
             FORWARD        1.000000                       1                   1                 276       0.9387194E-08
             FORWARD        1.000000                       1                   1                 277       0.1012441E-07
             FORWARD        1.000000                       1                   1                 278       0.8001316E-08
             FORWARD        1.000000                       1                   1                 279       0.7215409E-08
             FORWARD        1.000000                       1                   1                 280       0.5350818E-08
             FORWARD        1.000000                       1                   1                 281       0.1190633E-07
             FORWARD        1.000000                       1                   1                 282       0.6126298E-08
             FORWARD        1.000000                       1                   1                 283       0.5634329E-08
             FORWARD        1.000000                       1                   1                 284       0.5552284E-08
             FORWARD        1.000000                       1                   1                 285       0.7092404E-08
             FORWARD        1.000000                       1                   1                 286       0.8835451E-08
             FORWARD        1.000000                       1                   1                 287       0.6307770E-08
             FORWARD        1.000000                       1                   1                 288       0.5799239E-08
             FORWARD        1.000000                       1                   1                 289       0.5330955E-08
             FORWARD        1.000000                       1                   1                 290       0.6189446E-08
             FORWARD        1.000000                       1                   1                 291       0.5740948E-08
             FORWARD        1.000000                       1                   1                 292       0.1218680E-06
             FORWARD        1.000000                       1                   1                 293       0.5337389E-08
             FORWARD        1.000000                       1                   1                 294       0.4665678E-08
             FORWARD        1.000000                       1                   1                 295       0.4759854E-08
             FORWARD        1.000000                       1                   1                 296       0.4768674E-08
             FORWARD        1.000000                       1                   1                 297       0.5468861E-08
             FORWARD        1.000000                       1                   1                 298       0.4762903E-08
             FORWARD        1.000000                       1                   1                 299       0.3373820E-08
             FORWARD        1.000000                       1                   1                 300       0.3081016E-08
             FORWARD        1.000000                       1                   1                 301       0.2311367E-08
             FORWARD        1.000000                       1                   1                 302       0.2218061E-08
             FORWARD        1.000000                       1                   1                 303       0.2192897E-08
             FORWARD        1.000000                       1                   1                 304       0.2192168E-08
             FORWARD        1.000000                       1                   1                 305       0.1770279E-08
             FORWARD        1.000000                       1                   1                 306       0.1658823E-08
             FORWARD        1.000000                       1                   1                 307       0.1486644E-08
             FORWARD        1.000000                       1                   1                 308       0.1594204E-08
             FORWARD        1.000000                       1                   1                 309       0.1648592E-08
             FORWARD        1.000000                       1                   1                 310       0.1649751E-08
             FORWARD        1.000000                       1                   1                 311       0.1638753E-08
             FORWARD        1.000000                       1                   1                 312       0.1689595E-08
             FORWARD        1.000000                       1                   1                 313       0.1392866E-08
             FORWARD        1.000000                       1                   1                 314       0.1293704E-08
             FORWARD        1.000000                       1                   1                 315       0.1330323E-08
             FORWARD        1.000000                       1                   1                 316       0.9478702E-09
             FORWARD        1.000000                       1                   1                 317       0.1333378E-08
             FORWARD        1.000000                       1                   1                 318       0.1639908E-08
             FORWARD        1.000000                       1                   1                 319       0.9231544E-09
             FORWARD        1.000000                       1                   1                 320       0.7838653E-09
             FORWARD        1.000000                       1                   1                 321       0.1707289E-08
             FORWARD        1.000000                       1                   1                 322       0.8660177E-09
             FORWARD        1.000000                       1                   1                 323       0.7553754E-09
             FORWARD        1.000000                       1                   1                 324       0.7171001E-09
             FORWARD        1.000000                       1                   1                 325       0.8679674E-09
             FORWARD        1.000000                       1                   1                 326       0.1195579E-08
             FORWARD        1.000000                       1                   1                 327       0.7939414E-09
             FORWARD        1.000000                       1                   1                 328       0.7044619E-09
             FORWARD        1.000000                       1                   1                 329       0.6144284E-09
             FORWARD        1.000000                       1                   1                 330       0.5429761E-09
             FORWARD        1.000000                       1                   1                 331       0.4853612E-09
             FORWARD        1.000000                       1                   1                 332       0.6522451E-09
             FORWARD        1.000000                       1                   1                 333       0.8941657E-09
             FORWARD        1.000000                       1                   1                 334       0.8314623E-09
             FORWARD        1.000000                       1                   1                 335       0.1295929E-08
             FORWARD        1.000000                       1                   1                 336       0.7708649E-09
             FORWARD        1.000000                       1                   1                 337       0.5356641E-09
             FORWARD        1.000000                       1                   1                 338       0.4902830E-09
             FORWARD        1.000000                       1                   1                 339       0.4551862E-09
             FORWARD        1.000000                       1                   1                 340       0.3789045E-09
             FORWARD        1.000000                       1                   1                 341       0.2890665E-09
             FORWARD        1.000000                       1                   1                 342       0.2620344E-09
             FORWARD        1.000000                       1                   1                 343       0.1959667E-09
             FORWARD        1.000000                       1                   1                 344       0.1644538E-09
             FORWARD        1.000000                       1                   1                 345       0.1497061E-09
             FORWARD        1.000000                       1                   1                 346       0.1424843E-09
             FORWARD        1.000000                       1                   1                 347       0.1377148E-09
             FORWARD        1.000000                       1                   1                 348       0.1296649E-09
             FORWARD        1.000000                       1                   1                 349       0.1302313E-09
             FORWARD        1.000000                       1                   1                 350       0.1217210E-09
             FORWARD        1.000000                       1                   1                 351       0.1224406E-09
             FORWARD        1.000000                       1                   1                 352       0.1066994E-09
             FORWARD        1.000000                       1                   1                 353       0.1077314E-09
             FORWARD        1.000000                       1                   1                 354       0.1253774E-09
             FORWARD        1.000000                       1                   1                 355       0.1039027E-09
             FORWARD        1.000000                       1                   1                 356       0.1032497E-09
             FORWARD        1.000000                       1                   1                 357       0.1067548E-09
             FORWARD        1.000000                       1                   1                 358       0.1061232E-09
             FORWARD        1.000000                       1                   1                 359       0.1064336E-09
             FORWARD        1.000000                       1                   1                 360       0.1032497E-09
             FORWARD        1.000000                       1                   1                 361       0.1875670E-09
             FORWARD        1.000000                       1                   1                 362       0.1217746E-09
             FORWARD        1.000000                       1                   1                 363       0.1150102E-09
             FORWARD        1.000000                       1                   1                 364       0.1176966E-09
             FORWARD        1.000000                       1                   1                 365       0.1566404E-09
             FORWARD        1.000000                       1                   1                 366       0.2403772E-09
             FORWARD        1.000000                       1                   1                 367       0.1661341E-09
             FORWARD        1.000000                       1                   1                 368       0.1629236E-09
             FORWARD        1.000000                       1                   1                 369       0.1816418E-09
             FORWARD        1.000000                       1                   1                 370       0.1562248E-09
             FORWARD        1.000000                       1                   1                 371       0.1884240E-09
             FORWARD        1.000000                       1                   1                 372       0.2142723E-09
             FORWARD        1.000000                       1                   1                 373       0.1470907E-09
             FORWARD        1.000000                       1                   1                 374       0.1393136E-09
             FORWARD        1.000000                       1                   1                 375       0.1403873E-09
             FORWARD        1.000000                       1                   1                 376       0.1387344E-09
             FORWARD        1.000000                       1                   1                 377       0.1363250E-09
             FORWARD        1.000000                       1                   1                 378       0.2469799E-09
             FORWARD        1.000000                       1                   1                 379       0.2703224E-09
             FORWARD        1.000000                       1                   1                 380       0.2055563E-09
             FORWARD        1.000000                       1                   1                 381       0.1601761E-09
             FORWARD        1.000000                       1                   1                 382       0.1570943E-09
             FORWARD        1.000000                       1                   1                 383       0.1185942E-09
             FORWARD        1.000000                       1                   1                 384       0.1371804E-08
             FORWARD        1.000000                       1                   1                 385       0.7626171E-10
