           #Job_Name              Period        Period_Index  Polarization_Index Number_of_Iteration            Residual
             FORWARD        1.000000                       1                   1                   1       0.1531626E-10
             FORWARD        1.000000                       1                   2                   1       0.1535582E-10
             FORWARD        10.00000                       2                   1                   1       0.3964471E-05
             FORWARD        10.00000                       2                   1                   2       0.2560890E-05
             FORWARD        10.00000                       2                   1                   3       0.1372251E-05
             FORWARD        10.00000                       2                   1                   4       0.2588594E-06
             FORWARD        10.00000                       2                   1                   5       0.1261669E-06
             FORWARD        10.00000                       2                   1                   6       0.7825532E-07
             FORWARD        10.00000                       2                   1                   7       0.4477796E-07
             FORWARD        10.00000                       2                   1                   8       0.2387018E-07
             FORWARD        10.00000                       2                   1                   9       0.1623342E-07
             FORWARD        10.00000                       2                   1                  10       0.1306014E-07
             FORWARD        10.00000                       2                   1                  11       0.1057961E-07
             FORWARD        10.00000                       2                   1                  12       0.9491651E-08
             FORWARD        10.00000                       2                   1                  13       0.6016975E-08
             FORWARD        10.00000                       2                   1                  14       0.3338978E-08
             FORWARD        10.00000                       2                   1                  15       0.2759437E-08
             FORWARD        10.00000                       2                   1                  16       0.2225749E-08
             FORWARD        10.00000                       2                   1                  17       0.1577543E-08
             FORWARD        10.00000                       2                   1                  18       0.1361121E-08
             FORWARD        10.00000                       2                   1                  19       0.1167587E-08
             FORWARD        10.00000                       2                   1                  20       0.7653629E-09
             FORWARD        10.00000                       2                   1                  21       0.5472037E-09
             FORWARD        10.00000                       2                   1                  22       0.3762487E-09
             FORWARD        10.00000                       2                   1                  23       0.1804233E-09
             FORWARD        10.00000                       2                   1                  24       0.8412947E-10
             FORWARD        10.00000                       2                   2                   1       0.3932591E-05
             FORWARD        10.00000                       2                   2                   2       0.2554706E-05
             FORWARD        10.00000                       2                   2                   3       0.1475380E-05
             FORWARD        10.00000                       2                   2                   4       0.2931855E-06
             FORWARD        10.00000                       2                   2                   5       0.1403350E-06
             FORWARD        10.00000                       2                   2                   6       0.9564112E-07
             FORWARD        10.00000                       2                   2                   7       0.5591460E-07
             FORWARD        10.00000                       2                   2                   8       0.2538045E-07
             FORWARD        10.00000                       2                   2                   9       0.1772228E-07
             FORWARD        10.00000                       2                   2                  10       0.1485312E-07
             FORWARD        10.00000                       2                   2                  11       0.1246048E-07
             FORWARD        10.00000                       2                   2                  12       0.8199984E-08
             FORWARD        10.00000                       2                   2                  13       0.6982910E-08
             FORWARD        10.00000                       2                   2                  14       0.9853927E-08
             FORWARD        10.00000                       2                   2                  15       0.3152712E-08
             FORWARD        10.00000                       2                   2                  16       0.2730949E-08
             FORWARD        10.00000                       2                   2                  17       0.2347333E-08
             FORWARD        10.00000                       2                   2                  18       0.1639003E-08
             FORWARD        10.00000                       2                   2                  19       0.1224892E-08
             FORWARD        10.00000                       2                   2                  20       0.9979402E-09
             FORWARD        10.00000                       2                   2                  21       0.6942564E-09
             FORWARD        10.00000                       2                   2                  22       0.4749338E-09
             FORWARD        10.00000                       2                   2                  23       0.4336078E-09
             FORWARD        10.00000                       2                   2                  24       0.3858247E-09
             FORWARD        10.00000                       2                   2                  25       0.2666743E-09
             FORWARD        10.00000                       2                   2                  26       0.1898024E-09
             FORWARD        10.00000                       2                   2                  27       0.1544404E-09
             FORWARD        10.00000                       2                   2                  28       0.1038616E-09
             FORWARD        10.00000                       2                   2                  29       0.9322355E-10
             FORWARD        10000.00                       4                   1                   1       0.2302101E-01
             FORWARD        10000.00                       4                   1                   2       0.1622560E-01
             FORWARD        10000.00                       4                   1                   3       0.1037323E-01
             FORWARD        10000.00                       4                   1                   4       0.5609088E-02
             FORWARD        10000.00                       4                   1                   5       0.3570606E-02
             FORWARD        10000.00                       4                   1                   6       0.2428334E-02
             FORWARD        10000.00                       4                   1                   7       0.1747950E-02
             FORWARD        10000.00                       4                   1                   8       0.1406436E-02
             FORWARD        10000.00                       4                   1                   9       0.1143595E-02
             FORWARD        10000.00                       4                   1                  10       0.9512290E-03
             FORWARD        10000.00                       4                   1                  11       0.8346544E-03
             FORWARD        10000.00                       4                   1                  12       0.7216386E-03
             FORWARD        10000.00                       4                   1                  13       0.5771230E-03
             FORWARD        10000.00                       4                   1                  14       0.4471829E-03
             FORWARD        10000.00                       4                   1                  15       0.3586856E-03
             FORWARD        10000.00                       4                   1                  16       0.2897984E-03
             FORWARD        10000.00                       4                   1                  17       0.2404275E-03
             FORWARD        10000.00                       4                   1                  18       0.1955242E-03
             FORWARD        10000.00                       4                   1                  19       0.1540524E-03
             FORWARD        10000.00                       4                   1                  20       0.1167354E-03
             FORWARD        10000.00                       4                   1                  21       0.8839479E-04
             FORWARD        10000.00                       4                   1                  22       0.6694924E-04
             FORWARD        10000.00                       4                   1                  23       0.5143381E-04
             FORWARD        10000.00                       4                   1                  24       0.4005807E-04
             FORWARD        10000.00                       4                   1                  25       0.2961212E-04
             FORWARD        10000.00                       4                   1                  26       0.1453092E-04
             FORWARD        10000.00                       4                   1                  27       0.4030553E-05
             FORWARD        10000.00                       4                   1                  28       0.2767797E-05
             FORWARD        10000.00                       4                   1                  29       0.1515052E-05
             FORWARD        10000.00                       4                   1                  30       0.5038607E-06
             FORWARD        10000.00                       4                   1                  31       0.2203626E-06
             FORWARD        10000.00                       4                   1                  32       0.1392536E-06
             FORWARD        10000.00                       4                   1                  33       0.9611766E-07
             FORWARD        10000.00                       4                   1                  34       0.6677089E-07
             FORWARD        10000.00                       4                   1                  35       0.4385845E-07
             FORWARD        10000.00                       4                   1                  36       0.2200341E-07
             FORWARD        10000.00                       4                   1                  37       0.7670907E-08
             FORWARD        10000.00                       4                   1                  38       0.2848767E-08
             FORWARD        10000.00                       4                   1                  39       0.6371064E-09
             FORWARD        10000.00                       4                   1                  40       0.2669757E-09
             FORWARD        10000.00                       4                   1                  41       0.2206976E-09
             FORWARD        10000.00                       4                   1                  42       0.1265468E-09
             FORWARD        10000.00                       4                   1                  43       0.9787492E-10
             FORWARD        100.0000                       3                   2                   1       0.1302285E-02
             FORWARD        100.0000                       3                   2                   2       0.9345914E-03
             FORWARD        100.0000                       3                   2                   3       0.6078604E-03
             FORWARD        100.0000                       3                   2                   4       0.3249290E-03
             FORWARD        100.0000                       3                   2                   5       0.2034314E-03
             FORWARD        100.0000                       3                   2                   6       0.1383950E-03
             FORWARD        100.0000                       3                   2                   7       0.9716616E-04
             FORWARD        100.0000                       3                   2                   8       0.7722614E-04
             FORWARD        100.0000                       3                   2                   9       0.6304217E-04
             FORWARD        100.0000                       3                   2                  10       0.5213107E-04
             FORWARD        100.0000                       3                   2                  11       0.4511459E-04
             FORWARD        100.0000                       3                   2                  12       0.3933543E-04
             FORWARD        100.0000                       3                   2                  13       0.3205940E-04
             FORWARD        100.0000                       3                   2                  14       0.2389371E-04
             FORWARD        100.0000                       3                   2                  15       0.1887027E-04
             FORWARD        100.0000                       3                   2                  16       0.1519517E-04
             FORWARD        100.0000                       3                   2                  17       0.1271200E-04
             FORWARD        100.0000                       3                   2                  18       0.1065064E-04
             FORWARD        100.0000                       3                   2                  19       0.8439617E-05
             FORWARD        100.0000                       3                   2                  20       0.6270941E-05
             FORWARD        100.0000                       3                   2                  21       0.4759914E-05
             FORWARD        100.0000                       3                   2                  22       0.3822634E-05
             FORWARD        100.0000                       3                   2                  23       0.2990896E-05
             FORWARD        100.0000                       3                   2                  24       0.2203073E-05
             FORWARD        100.0000                       3                   2                  25       0.1707617E-05
             FORWARD        100.0000                       3                   2                  26       0.1361670E-05
             FORWARD        100.0000                       3                   2                  27       0.1015081E-05
             FORWARD        100.0000                       3                   2                  28       0.7049837E-06
             FORWARD        100.0000                       3                   2                  29       0.4281004E-06
             FORWARD        100.0000                       3                   2                  30       0.1575055E-06
             FORWARD        100.0000                       3                   2                  31       0.4366861E-07
             FORWARD        100.0000                       3                   2                  32       0.1638753E-07
             FORWARD        100.0000                       3                   2                  33       0.7089505E-08
             FORWARD        100.0000                       3                   2                  34       0.2706930E-08
             FORWARD        100.0000                       3                   2                  35       0.1736557E-08
             FORWARD        100.0000                       3                   2                  36       0.1372926E-08
             FORWARD        100.0000                       3                   2                  37       0.1077542E-08
             FORWARD        100.0000                       3                   2                  38       0.7586221E-09
             FORWARD        100.0000                       3                   2                  39       0.7231237E-09
             FORWARD        100.0000                       3                   2                  40       0.4036021E-09
             FORWARD        100.0000                       3                   2                  41       0.3547754E-09
             FORWARD        100.0000                       3                   2                  42       0.1751157E-09
             FORWARD        100.0000                       3                   2                  43       0.5139411E-10
             FORWARD        100.0000                       3                   1                   1       0.1334915E-02
             FORWARD        100.0000                       3                   1                   2       0.9335842E-03
             FORWARD        100.0000                       3                   1                   3       0.5916968E-03
             FORWARD        100.0000                       3                   1                   4       0.3108404E-03
             FORWARD        100.0000                       3                   1                   5       0.1921389E-03
             FORWARD        100.0000                       3                   1                   6       0.1281171E-03
             FORWARD        100.0000                       3                   1                   7       0.9083412E-04
             FORWARD        100.0000                       3                   1                   8       0.7227477E-04
             FORWARD        100.0000                       3                   1                   9       0.5799696E-04
             FORWARD        100.0000                       3                   1                  10       0.4757812E-04
             FORWARD        100.0000                       3                   1                  11       0.4146727E-04
             FORWARD        100.0000                       3                   1                  12       0.3566657E-04
             FORWARD        100.0000                       3                   1                  13       0.2841634E-04
             FORWARD        100.0000                       3                   1                  14       0.2207672E-04
             FORWARD        100.0000                       3                   1                  15       0.1747717E-04
             FORWARD        100.0000                       3                   1                  16       0.1374811E-04
             FORWARD        100.0000                       3                   1                  17       0.1133242E-04
             FORWARD        100.0000                       3                   1                  18       0.9215732E-05
             FORWARD        100.0000                       3                   1                  19       0.7194124E-05
             FORWARD        100.0000                       3                   1                  20       0.5422689E-05
             FORWARD        100.0000                       3                   1                  21       0.4138511E-05
             FORWARD        100.0000                       3                   1                  22       0.3155751E-05
             FORWARD        100.0000                       3                   1                  23       0.2433412E-05
             FORWARD        100.0000                       3                   1                  24       0.1903479E-05
             FORWARD        100.0000                       3                   1                  25       0.1415356E-05
             FORWARD        100.0000                       3                   1                  26       0.1030142E-05
             FORWARD        100.0000                       3                   1                  27       0.7876326E-06
             FORWARD        100.0000                       3                   1                  28       0.5777377E-06
             FORWARD        100.0000                       3                   1                  29       0.3223641E-06
             FORWARD        100.0000                       3                   1                  30       0.8744796E-07
             FORWARD        100.0000                       3                   1                  31       0.2925176E-07
             FORWARD        100.0000                       3                   1                  32       0.1461103E-07
             FORWARD        100.0000                       3                   1                  33       0.8118315E-08
             FORWARD        100.0000                       3                   1                  34       0.4987208E-08
             FORWARD        100.0000                       3                   1                  35       0.3122564E-08
             FORWARD        100.0000                       3                   1                  36       0.1310795E-08
             FORWARD        100.0000                       3                   1                  37       0.4663657E-09
             FORWARD        100.0000                       3                   1                  38       0.3018241E-09
             FORWARD        100.0000                       3                   1                  39       0.2391349E-09
             FORWARD        100.0000                       3                   1                  40       0.2057795E-09
             FORWARD        100.0000                       3                   1                  41       0.1427345E-09
             FORWARD        100.0000                       3                   1                  42       0.1164751E-09
             FORWARD        100.0000                       3                   1                  43       0.7095954E-11
             FORWARD        10000.00                       4                   2                   1       0.2244262E-01
             FORWARD        10000.00                       4                   2                   2       0.1623063E-01
             FORWARD        10000.00                       4                   2                   3       0.1064915E-01
             FORWARD        10000.00                       4                   2                   4       0.5845631E-02
             FORWARD        10000.00                       4                   2                   5       0.3763255E-02
             FORWARD        10000.00                       4                   2                   6       0.2607581E-02
             FORWARD        10000.00                       4                   2                   7       0.1862159E-02
             FORWARD        10000.00                       4                   2                   8       0.1499604E-02
             FORWARD        10000.00                       4                   2                   9       0.1237879E-02
             FORWARD        10000.00                       4                   2                  10       0.1037175E-02
             FORWARD        10000.00                       4                   2                  11       0.9084026E-03
             FORWARD        10000.00                       4                   2                  12       0.7966997E-03
             FORWARD        10000.00                       4                   2                  13       0.6532748E-03
             FORWARD        10000.00                       4                   2                  14       0.4948422E-03
             FORWARD        10000.00                       4                   2                  15       0.3943499E-03
             FORWARD        10000.00                       4                   2                  16       0.3181507E-03
             FORWARD        10000.00                       4                   2                  17       0.2655066E-03
             FORWARD        10000.00                       4                   2                  18       0.2220469E-03
             FORWARD        10000.00                       4                   2                  19       0.1775906E-03
             FORWARD        10000.00                       4                   2                  20       0.1338474E-03
             FORWARD        10000.00                       4                   2                  21       0.1003568E-03
             FORWARD        10000.00                       4                   2                  22       0.7938263E-04
             FORWARD        10000.00                       4                   2                  23       0.6208343E-04
             FORWARD        10000.00                       4                   2                  24       0.4715231E-04
             FORWARD        10000.00                       4                   2                  25       0.3630160E-04
             FORWARD        10000.00                       4                   2                  26       0.2745500E-04
             FORWARD        10000.00                       4                   2                  27       0.1987834E-04
             FORWARD        10000.00                       4                   2                  28       0.1356944E-04
             FORWARD        10000.00                       4                   2                  29       0.3797255E-05
             FORWARD        10000.00                       4                   2                  30       0.1961702E-05
             FORWARD        10000.00                       4                   2                  31       0.2535012E-06
             FORWARD        10000.00                       4                   2                  32       0.7765569E-07
             FORWARD        10000.00                       4                   2                  33       0.3384089E-07
             FORWARD        10000.00                       4                   2                  34       0.1935692E-07
             FORWARD        10000.00                       4                   2                  35       0.1429825E-07
             FORWARD        10000.00                       4                   2                  36       0.1106939E-07
             FORWARD        10000.00                       4                   2                  37       0.9115160E-08
             FORWARD        10000.00                       4                   2                  38       0.5498524E-08
             FORWARD        10000.00                       4                   2                  39       0.3950658E-08
             FORWARD        10000.00                       4                   2                  40       0.1438229E-08
             FORWARD        10000.00                       4                   2                  41       0.8837953E-09
             FORWARD        10000.00                       4                   2                  42       0.1124585E-08
             FORWARD        10000.00                       4                   2                  43       0.1188026E-09
             FORWARD        10000.00                       4                   2                  44       0.8761417E-10
