           #Job_Name              Period        Period_Index  Polarization_Index Number_of_Iteration            Residual
             FORWARD        1.000000                       1                   1                   1       0.1211302E-13
             FORWARD        1.000000                       1                   2                   1       0.2025959E-13
             FORWARD        10.00000                       2                   1                   1       0.2161678E-13
             FORWARD        10.00000                       2                   2                   1       0.3039128E-13
             FORWARD        100.0000                       3                   2                   1       0.2206949E-07
             FORWARD        100.0000                       3                   2                   2       0.1869870E-07
             FORWARD        100.0000                       3                   2                   3       0.1521963E-07
             FORWARD        100.0000                       3                   2                   4       0.9657120E-08
             FORWARD        100.0000                       3                   2                   5       0.5252022E-08
             FORWARD        100.0000                       3                   2                   6       0.2427986E-08
             FORWARD        100.0000                       3                   2                   7       0.6887416E-09
             FORWARD        100.0000                       3                   2                   8       0.3818671E-09
             FORWARD        100.0000                       3                   2                   9       0.3133283E-09
             FORWARD        100.0000                       3                   2                  10       0.2749389E-09
             FORWARD        100.0000                       3                   2                  11       0.2347740E-09
             FORWARD        100.0000                       3                   2                  12       0.1781820E-09
             FORWARD        100.0000                       3                   2                  13       0.1284447E-09
             FORWARD        100.0000                       3                   2                  14       0.8451625E-10
             FORWARD        100.0000                       3                   1                   1       0.2281491E-07
             FORWARD        100.0000                       3                   1                   2       0.1870164E-07
             FORWARD        100.0000                       3                   1                   3       0.1490478E-07
             FORWARD        100.0000                       3                   1                   4       0.9281504E-08
             FORWARD        100.0000                       3                   1                   5       0.5194887E-08
             FORWARD        100.0000                       3                   1                   6       0.2478113E-08
             FORWARD        100.0000                       3                   1                   7       0.6979965E-09
             FORWARD        100.0000                       3                   1                   8       0.3772937E-09
             FORWARD        100.0000                       3                   1                   9       0.3229563E-09
             FORWARD        100.0000                       3                   1                  10       0.2883254E-09
             FORWARD        100.0000                       3                   1                  11       0.2515748E-09
             FORWARD        100.0000                       3                   1                  12       0.1809611E-09
             FORWARD        100.0000                       3                   1                  13       0.7791037E-10
             FORWARD        100000.0                       4                   1                   1       0.3562791E-02
             FORWARD        100000.0                       4                   1                   2       0.3014576E-02
             FORWARD        100000.0                       4                   1                   3       0.2478352E-02
             FORWARD        100000.0                       4                   1                   4       0.1722423E-02
             FORWARD        100000.0                       4                   1                   5       0.1069590E-02
             FORWARD        100000.0                       4                   1                   6       0.5392556E-03
             FORWARD        100000.0                       4                   1                   7       0.1635420E-03
             FORWARD        100000.0                       4                   1                   8       0.9394573E-04
             FORWARD        100000.0                       4                   1                   9       0.8232906E-04
             FORWARD        100000.0                       4                   1                  10       0.7435388E-04
             FORWARD        100000.0                       4                   1                  11       0.6620529E-04
             FORWARD        100000.0                       4                   1                  12       0.4941121E-04
             FORWARD        100000.0                       4                   1                  13       0.1790891E-04
             FORWARD        100000.0                       4                   1                  14       0.6241012E-04
             FORWARD        100000.0                       4                   1                  15       0.4540617E-04
             FORWARD        100000.0                       4                   1                  16       0.4077225E-04
             FORWARD        100000.0                       4                   1                  17       0.5299950E-05
             FORWARD        100000.0                       4                   1                  18       0.5345593E-05
             FORWARD        100000.0                       4                   1                  19       0.9494937E-06
             FORWARD        100000.0                       4                   1                  20       0.7873520E-06
             FORWARD        100000.0                       4                   1                  21       0.6915637E-06
             FORWARD        100000.0                       4                   1                  22       0.5860044E-06
             FORWARD        100000.0                       4                   1                  23       0.4232571E-06
             FORWARD        100000.0                       4                   1                  24       0.3028015E-06
             FORWARD        100000.0                       4                   1                  25       0.2065772E-06
             FORWARD        100000.0                       4                   1                  26       0.9086544E-07
             FORWARD        100000.0                       4                   1                  27       0.3027992E-07
             FORWARD        100000.0                       4                   1                  28       0.2442762E-07
             FORWARD        100000.0                       4                   1                  29       0.2270771E-07
             FORWARD        100000.0                       4                   1                  30       0.9264520E-08
             FORWARD        100000.0                       4                   1                  31       0.7353808E-08
             FORWARD        100000.0                       4                   1                  32       0.6776084E-08
             FORWARD        100000.0                       4                   1                  33       0.4620320E-08
             FORWARD        100000.0                       4                   1                  34       0.4364552E-08
             FORWARD        100000.0                       4                   1                  35       0.4230314E-08
             FORWARD        100000.0                       4                   1                  36       0.3658765E-08
             FORWARD        100000.0                       4                   1                  37       0.2190109E-08
             FORWARD        100000.0                       4                   1                  38       0.1164916E-08
             FORWARD        100000.0                       4                   1                  39       0.9061959E-09
             FORWARD        100000.0                       4                   1                  40       0.7602335E-09
             FORWARD        100000.0                       4                   1                  41       0.6393832E-09
             FORWARD        100000.0                       4                   1                  42       0.8368997E-09
             FORWARD        100000.0                       4                   1                  43       0.1043259E-09
             FORWARD        100000.0                       4                   1                  44       0.2706977E-10
             FORWARD        100000.0                       4                   2                   1       0.3438890E-02
             FORWARD        100000.0                       4                   2                   2       0.3007380E-02
             FORWARD        100000.0                       4                   2                   3       0.2527855E-02
             FORWARD        100000.0                       4                   2                   4       0.1778384E-02
             FORWARD        100000.0                       4                   2                   5       0.1074167E-02
             FORWARD        100000.0                       4                   2                   6       0.5244237E-03
             FORWARD        100000.0                       4                   2                   7       0.1577116E-03
             FORWARD        100000.0                       4                   2                   8       0.9440861E-04
             FORWARD        100000.0                       4                   2                   9       0.8081127E-04
             FORWARD        100000.0                       4                   2                  10       0.7208742E-04
             FORWARD        100000.0                       4                   2                  11       0.6267712E-04
             FORWARD        100000.0                       4                   2                  12       0.4143052E-04
             FORWARD        100000.0                       4                   2                  13       0.1554116E-04
             FORWARD        100000.0                       4                   2                  14       0.4387266E-04
             FORWARD        100000.0                       4                   2                  15       0.4986070E-04
             FORWARD        100000.0                       4                   2                  16       0.4544285E-04
             FORWARD        100000.0                       4                   2                  17       0.5464793E-04
             FORWARD        100000.0                       4                   2                  18       0.2028787E-05
             FORWARD        100000.0                       4                   2                  19       0.5993067E-06
             FORWARD        100000.0                       4                   2                  20       0.3875363E-06
             FORWARD        100000.0                       4                   2                  21       0.2983119E-06
             FORWARD        100000.0                       4                   2                  22       0.2342206E-06
             FORWARD        100000.0                       4                   2                  23       0.2587696E-06
             FORWARD        100000.0                       4                   2                  24       0.1658453E-06
             FORWARD        100000.0                       4                   2                  25       0.1647983E-06
             FORWARD        100000.0                       4                   2                  26       0.1545253E-06
             FORWARD        100000.0                       4                   2                  27       0.1132950E-06
             FORWARD        100000.0                       4                   2                  28       0.5919441E-07
             FORWARD        100000.0                       4                   2                  29       0.3508668E-07
             FORWARD        100000.0                       4                   2                  30       0.1500971E-07
             FORWARD        100000.0                       4                   2                  31       0.1002187E-07
             FORWARD        100000.0                       4                   2                  32       0.8915799E-08
             FORWARD        100000.0                       4                   2                  33       0.8148113E-08
             FORWARD        100000.0                       4                   2                  34       0.7471001E-08
             FORWARD        100000.0                       4                   2                  35       0.6781529E-08
             FORWARD        100000.0                       4                   2                  36       0.5734161E-08
             FORWARD        100000.0                       4                   2                  37       0.3908844E-08
             FORWARD        100000.0                       4                   2                  38       0.2402445E-08
             FORWARD        100000.0                       4                   2                  39       0.1693988E-08
             FORWARD        100000.0                       4                   2                  40       0.1462291E-08
             FORWARD        100000.0                       4                   2                  41       0.1319970E-08
             FORWARD        100000.0                       4                   2                  42       0.1203287E-08
             FORWARD        100000.0                       4                   2                  43       0.1835098E-08
             FORWARD        100000.0                       4                   2                  44       0.5709090E-09
             FORWARD        100000.0                       4                   2                  45       0.3970436E-09
             FORWARD        100000.0                       4                   2                  46       0.2296289E-09
             FORWARD        100000.0                       4                   2                  47       0.5500710E-10
