           #Job_Name              Period        Period_Index  Polarization_Index Number_of_Iteration            Residual
             FORWARD        1.000000                       1                   2                   1       0.1535582E-10
             FORWARD        1.000000                       1                   1                   1       0.1531626E-10
             FORWARD        10.00000                       2                   1                   1       0.3964471E-05
             FORWARD        10.00000                       2                   1                   2       0.2560890E-05
             FORWARD        10.00000                       2                   1                   3       0.1372251E-05
             FORWARD        10.00000                       2                   1                   4       0.2588594E-06
             FORWARD        10.00000                       2                   1                   5       0.1261669E-06
             FORWARD        10.00000                       2                   1                   6       0.7825532E-07
             FORWARD        10.00000                       2                   1                   7       0.4477796E-07
             FORWARD        10.00000                       2                   1                   8       0.2387018E-07
             FORWARD        10.00000                       2                   1                   9       0.1623342E-07
             FORWARD        10.00000                       2                   1                  10       0.1306014E-07
             FORWARD        10.00000                       2                   1                  11       0.1057961E-07
             FORWARD        10.00000                       2                   1                  12       0.9491651E-08
             FORWARD        10.00000                       2                   1                  13       0.6016975E-08
             FORWARD        10.00000                       2                   1                  14       0.3338978E-08
             FORWARD        10.00000                       2                   1                  15       0.2759437E-08
             FORWARD        10.00000                       2                   1                  16       0.2225749E-08
             FORWARD        10.00000                       2                   1                  17       0.1577543E-08
             FORWARD        10.00000                       2                   1                  18       0.1361121E-08
             FORWARD        10.00000                       2                   1                  19       0.1167587E-08
             FORWARD        10.00000                       2                   1                  20       0.7653629E-09
             FORWARD        10.00000                       2                   1                  21       0.5472037E-09
             FORWARD        10.00000                       2                   1                  22       0.3762487E-09
             FORWARD        10.00000                       2                   1                  23       0.1804233E-09
             FORWARD        10.00000                       2                   1                  24       0.8412947E-10
             FORWARD        10.00000                       2                   2                   1       0.3932591E-05
             FORWARD        10.00000                       2                   2                   2       0.2554706E-05
             FORWARD        10.00000                       2                   2                   3       0.1475380E-05
             FORWARD        10.00000                       2                   2                   4       0.2931855E-06
             FORWARD        10.00000                       2                   2                   5       0.1403350E-06
             FORWARD        10.00000                       2                   2                   6       0.9564112E-07
             FORWARD        10.00000                       2                   2                   7       0.5591460E-07
             FORWARD        10.00000                       2                   2                   8       0.2538045E-07
             FORWARD        10.00000                       2                   2                   9       0.1772228E-07
             FORWARD        10.00000                       2                   2                  10       0.1485312E-07
             FORWARD        10.00000                       2                   2                  11       0.1246048E-07
             FORWARD        10.00000                       2                   2                  12       0.8199984E-08
             FORWARD        10.00000                       2                   2                  13       0.6982910E-08
             FORWARD        10.00000                       2                   2                  14       0.9853927E-08
             FORWARD        10.00000                       2                   2                  15       0.3152712E-08
             FORWARD        10.00000                       2                   2                  16       0.2730949E-08
             FORWARD        10.00000                       2                   2                  17       0.2347333E-08
             FORWARD        10.00000                       2                   2                  18       0.1639003E-08
             FORWARD        10.00000                       2                   2                  19       0.1224892E-08
             FORWARD        10.00000                       2                   2                  20       0.9979402E-09
             FORWARD        10.00000                       2                   2                  21       0.6942564E-09
             FORWARD        10.00000                       2                   2                  22       0.4749338E-09
             FORWARD        10.00000                       2                   2                  23       0.4336078E-09
             FORWARD        10.00000                       2                   2                  24       0.3858247E-09
             FORWARD        10.00000                       2                   2                  25       0.2666743E-09
             FORWARD        10.00000                       2                   2                  26       0.1898024E-09
             FORWARD        10.00000                       2                   2                  27       0.1544404E-09
             FORWARD        10.00000                       2                   2                  28       0.1038616E-09
             FORWARD        10.00000                       2                   2                  29       0.9322355E-10
             FORWARD        100.0000                       3                   2                   1       0.1302285E-02
             FORWARD        100.0000                       3                   2                   2       0.9345914E-03
             FORWARD        100.0000                       3                   2                   3       0.6078604E-03
             FORWARD        100.0000                       3                   2                   4       0.3249290E-03
             FORWARD        100.0000                       3                   2                   5       0.2034314E-03
             FORWARD        100.0000                       3                   2                   6       0.1383950E-03
             FORWARD        100.0000                       3                   2                   7       0.9716616E-04
             FORWARD        100.0000                       3                   2                   8       0.7722614E-04
             FORWARD        100.0000                       3                   2                   9       0.6304217E-04
             FORWARD        100.0000                       3                   2                  10       0.5213107E-04
             FORWARD        100.0000                       3                   2                  11       0.4511459E-04
             FORWARD        100.0000                       3                   2                  12       0.3933543E-04
             FORWARD        100.0000                       3                   2                  13       0.3205940E-04
             FORWARD        100.0000                       3                   2                  14       0.2389371E-04
             FORWARD        100.0000                       3                   2                  15       0.1887027E-04
             FORWARD        100.0000                       3                   2                  16       0.1519517E-04
             FORWARD        100.0000                       3                   2                  17       0.1271200E-04
             FORWARD        100.0000                       3                   2                  18       0.1065064E-04
             FORWARD        100.0000                       3                   2                  19       0.8439617E-05
             FORWARD        100.0000                       3                   2                  20       0.6270941E-05
             FORWARD        100.0000                       3                   2                  21       0.4759914E-05
             FORWARD        100.0000                       3                   2                  22       0.3822634E-05
             FORWARD        100.0000                       3                   2                  23       0.2990896E-05
             FORWARD        100.0000                       3                   2                  24       0.2203073E-05
             FORWARD        100.0000                       3                   2                  25       0.1707617E-05
             FORWARD        100.0000                       3                   2                  26       0.1361670E-05
             FORWARD        100.0000                       3                   2                  27       0.1015081E-05
             FORWARD        100.0000                       3                   2                  28       0.7049837E-06
             FORWARD        100.0000                       3                   2                  29       0.4281004E-06
             FORWARD        100.0000                       3                   2                  30       0.1575055E-06
             FORWARD        100.0000                       3                   2                  31       0.4366861E-07
             FORWARD        100.0000                       3                   2                  32       0.1638753E-07
             FORWARD        100.0000                       3                   2                  33       0.7089505E-08
             FORWARD        100.0000                       3                   2                  34       0.2706930E-08
             FORWARD        100.0000                       3                   2                  35       0.1736557E-08
             FORWARD        100.0000                       3                   2                  36       0.1372926E-08
             FORWARD        100.0000                       3                   2                  37       0.1077542E-08
             FORWARD        100.0000                       3                   2                  38       0.7586221E-09
             FORWARD        100.0000                       3                   2                  39       0.7231237E-09
             FORWARD        100.0000                       3                   2                  40       0.4036021E-09
             FORWARD        100.0000                       3                   2                  41       0.3547754E-09
             FORWARD        100.0000                       3                   2                  42       0.1751157E-09
             FORWARD        100.0000                       3                   2                  43       0.5139411E-10
             FORWARD        100.0000                       3                   1                   1       0.1334915E-02
             FORWARD        100.0000                       3                   1                   2       0.9335842E-03
             FORWARD        100.0000                       3                   1                   3       0.5916968E-03
             FORWARD        100.0000                       3                   1                   4       0.3108404E-03
             FORWARD        100.0000                       3                   1                   5       0.1921389E-03
             FORWARD        100.0000                       3                   1                   6       0.1281171E-03
             FORWARD        100.0000                       3                   1                   7       0.9083412E-04
             FORWARD        100.0000                       3                   1                   8       0.7227477E-04
             FORWARD        100.0000                       3                   1                   9       0.5799696E-04
             FORWARD        100.0000                       3                   1                  10       0.4757812E-04
             FORWARD        100.0000                       3                   1                  11       0.4146727E-04
             FORWARD        100.0000                       3                   1                  12       0.3566657E-04
             FORWARD        100.0000                       3                   1                  13       0.2841634E-04
             FORWARD        100.0000                       3                   1                  14       0.2207672E-04
             FORWARD        100.0000                       3                   1                  15       0.1747717E-04
             FORWARD        100.0000                       3                   1                  16       0.1374811E-04
             FORWARD        100.0000                       3                   1                  17       0.1133242E-04
             FORWARD        100.0000                       3                   1                  18       0.9215732E-05
             FORWARD        100.0000                       3                   1                  19       0.7194124E-05
             FORWARD        100.0000                       3                   1                  20       0.5422689E-05
             FORWARD        100.0000                       3                   1                  21       0.4138511E-05
             FORWARD        100.0000                       3                   1                  22       0.3155751E-05
             FORWARD        100.0000                       3                   1                  23       0.2433412E-05
             FORWARD        100.0000                       3                   1                  24       0.1903479E-05
             FORWARD        100.0000                       3                   1                  25       0.1415356E-05
             FORWARD        100.0000                       3                   1                  26       0.1030142E-05
             FORWARD        100.0000                       3                   1                  27       0.7876326E-06
             FORWARD        100.0000                       3                   1                  28       0.5777377E-06
             FORWARD        100.0000                       3                   1                  29       0.3223641E-06
             FORWARD        100.0000                       3                   1                  30       0.8744796E-07
             FORWARD        100.0000                       3                   1                  31       0.2925176E-07
             FORWARD        100.0000                       3                   1                  32       0.1461103E-07
             FORWARD        100.0000                       3                   1                  33       0.8118315E-08
             FORWARD        100.0000                       3                   1                  34       0.4987208E-08
             FORWARD        100.0000                       3                   1                  35       0.3122564E-08
             FORWARD        100.0000                       3                   1                  36       0.1310795E-08
             FORWARD        100.0000                       3                   1                  37       0.4663657E-09
             FORWARD        100.0000                       3                   1                  38       0.3018241E-09
             FORWARD        100.0000                       3                   1                  39       0.2391349E-09
             FORWARD        100.0000                       3                   1                  40       0.2057795E-09
             FORWARD        100.0000                       3                   1                  41       0.1427345E-09
             FORWARD        100.0000                       3                   1                  42       0.1164751E-09
             FORWARD        100.0000                       3                   1                  43       0.7095954E-11
             FORWARD        1000000.                       4                   1                   1       0.3148215E-01
             FORWARD        1000000.                       4                   1                   2       0.2218916E-01
             FORWARD        1000000.                       4                   1                   3       0.1418583E-01
             FORWARD        1000000.                       4                   1                   4       0.7670688E-02
             FORWARD        1000000.                       4                   1                   5       0.4882985E-02
             FORWARD        1000000.                       4                   1                   6       0.3320877E-02
             FORWARD        1000000.                       4                   1                   7       0.2390420E-02
             FORWARD        1000000.                       4                   1                   8       0.1923383E-02
             FORWARD        1000000.                       4                   1                   9       0.1563934E-02
             FORWARD        1000000.                       4                   1                  10       0.1300865E-02
             FORWARD        1000000.                       4                   1                  11       0.1141443E-02
             FORWARD        1000000.                       4                   1                  12       0.9868871E-03
             FORWARD        1000000.                       4                   1                  13       0.7892534E-03
             FORWARD        1000000.                       4                   1                  14       0.6115521E-03
             FORWARD        1000000.                       4                   1                  15       0.4905262E-03
             FORWARD        1000000.                       4                   1                  16       0.3963193E-03
             FORWARD        1000000.                       4                   1                  17       0.3288019E-03
             FORWARD        1000000.                       4                   1                  18       0.2673936E-03
             FORWARD        1000000.                       4                   1                  19       0.2106780E-03
             FORWARD        1000000.                       4                   1                  20       0.1596444E-03
             FORWARD        1000000.                       4                   1                  21       0.1208865E-03
             FORWARD        1000000.                       4                   1                  22       0.9155800E-04
             FORWARD        1000000.                       4                   1                  23       0.7033941E-04
             FORWARD        1000000.                       4                   1                  24       0.5478199E-04
             FORWARD        1000000.                       4                   1                  25       0.4049433E-04
             FORWARD        1000000.                       4                   1                  26       0.1875132E-04
             FORWARD        1000000.                       4                   1                  27       0.5434702E-05
             FORWARD        1000000.                       4                   1                  28       0.3772066E-05
             FORWARD        1000000.                       4                   1                  29       0.2068589E-05
             FORWARD        1000000.                       4                   1                  30       0.6909644E-06
             FORWARD        1000000.                       4                   1                  31       0.3063558E-06
             FORWARD        1000000.                       4                   1                  32       0.1959691E-06
             FORWARD        1000000.                       4                   1                  33       0.1357279E-06
             FORWARD        1000000.                       4                   1                  34       0.9450246E-07
             FORWARD        1000000.                       4                   1                  35       0.6261131E-07
             FORWARD        1000000.                       4                   1                  36       0.2974325E-07
             FORWARD        1000000.                       4                   1                  37       0.1242056E-07
             FORWARD        1000000.                       4                   1                  38       0.2951380E-08
             FORWARD        1000000.                       4                   1                  39       0.5932719E-09
             FORWARD        1000000.                       4                   1                  40       0.8360288E-09
             FORWARD        1000000.                       4                   1                  41       0.7468879E-09
             FORWARD        1000000.                       4                   1                  42       0.1219654E-09
             FORWARD        1000000.                       4                   1                  43       0.8350772E-10
             FORWARD        1000000.                       4                   2                   1       0.3069053E-01
             FORWARD        1000000.                       4                   2                   2       0.2219559E-01
             FORWARD        1000000.                       4                   2                   3       0.1456286E-01
             FORWARD        1000000.                       4                   2                   4       0.7994003E-02
             FORWARD        1000000.                       4                   2                   5       0.5146333E-02
             FORWARD        1000000.                       4                   2                   6       0.3565930E-02
             FORWARD        1000000.                       4                   2                   7       0.2546554E-02
             FORWARD        1000000.                       4                   2                   8       0.2050752E-02
             FORWARD        1000000.                       4                   2                   9       0.1692838E-02
             FORWARD        1000000.                       4                   2                  10       0.1418372E-02
             FORWARD        1000000.                       4                   2                  11       0.1242273E-02
             FORWARD        1000000.                       4                   2                  12       0.1089516E-02
             FORWARD        1000000.                       4                   2                  13       0.8933781E-03
             FORWARD        1000000.                       4                   2                  14       0.6767168E-03
             FORWARD        1000000.                       4                   2                  15       0.5392901E-03
             FORWARD        1000000.                       4                   2                  16       0.4350847E-03
             FORWARD        1000000.                       4                   2                  17       0.3630915E-03
             FORWARD        1000000.                       4                   2                  18       0.3036585E-03
             FORWARD        1000000.                       4                   2                  19       0.2428628E-03
             FORWARD        1000000.                       4                   2                  20       0.1830423E-03
             FORWARD        1000000.                       4                   2                  21       0.1372423E-03
             FORWARD        1000000.                       4                   2                  22       0.1085591E-03
             FORWARD        1000000.                       4                   2                  23       0.8490165E-04
             FORWARD        1000000.                       4                   2                  24       0.6448291E-04
             FORWARD        1000000.                       4                   2                  25       0.4964399E-04
             FORWARD        1000000.                       4                   2                  26       0.3754459E-04
             FORWARD        1000000.                       4                   2                  27       0.2718273E-04
             FORWARD        1000000.                       4                   2                  28       0.1855495E-04
             FORWARD        1000000.                       4                   2                  29       0.5059727E-05
             FORWARD        1000000.                       4                   2                  30       0.2669539E-05
             FORWARD        1000000.                       4                   2                  31       0.3458262E-06
             FORWARD        1000000.                       4                   2                  32       0.1060095E-06
             FORWARD        1000000.                       4                   2                  33       0.4638733E-07
             FORWARD        1000000.                       4                   2                  34       0.2657402E-07
             FORWARD        1000000.                       4                   2                  35       0.1970304E-07
             FORWARD        1000000.                       4                   2                  36       0.1514214E-07
             FORWARD        1000000.                       4                   2                  37       0.1173355E-07
             FORWARD        1000000.                       4                   2                  38       0.6891341E-08
             FORWARD        1000000.                       4                   2                  39       0.4781862E-08
             FORWARD        1000000.                       4                   2                  40       0.1802890E-08
             FORWARD        1000000.                       4                   2                  41       0.1750444E-08
             FORWARD        1000000.                       4                   2                  42       0.1522264E-08
             FORWARD        1000000.                       4                   2                  43       0.3340167E-09
             FORWARD        1000000.                       4                   2                  44       0.2010661E-09
             FORWARD        1000000.                       4                   2                  45       0.6656479E-10
