           #Job_Name              Period        Period_Index  Polarization_Index Number_of_Iteration            Residual
             FORWARD        1.000000                       1                   1                   1       0.1211302E-13
             FORWARD        1.000000                       1                   2                   1       0.2025959E-13
             FORWARD        10.00000                       2                   1                   1       0.2161678E-13
             FORWARD        10.00000                       2                   2                   1       0.3039128E-13
             FORWARD        100.0000                       3                   1                   1       0.2281491E-07
             FORWARD        100.0000                       3                   1                   2       0.1870164E-07
             FORWARD        100.0000                       3                   1                   3       0.1490478E-07
             FORWARD        100.0000                       3                   1                   4       0.9281504E-08
             FORWARD        100.0000                       3                   1                   5       0.5194887E-08
             FORWARD        100.0000                       3                   1                   6       0.2478113E-08
             FORWARD        100.0000                       3                   1                   7       0.6979965E-09
             FORWARD        100.0000                       3                   1                   8       0.3772937E-09
             FORWARD        100.0000                       3                   1                   9       0.3229563E-09
             FORWARD        100.0000                       3                   1                  10       0.2883254E-09
             FORWARD        100.0000                       3                   1                  11       0.2515748E-09
             FORWARD        100.0000                       3                   1                  12       0.1809611E-09
             FORWARD        100.0000                       3                   1                  13       0.7791037E-10
             FORWARD        100.0000                       3                   2                   1       0.2206949E-07
             FORWARD        100.0000                       3                   2                   2       0.1869870E-07
             FORWARD        100.0000                       3                   2                   3       0.1521963E-07
             FORWARD        100.0000                       3                   2                   4       0.9657120E-08
             FORWARD        100.0000                       3                   2                   5       0.5252022E-08
             FORWARD        100.0000                       3                   2                   6       0.2427986E-08
             FORWARD        100.0000                       3                   2                   7       0.6887416E-09
             FORWARD        100.0000                       3                   2                   8       0.3818671E-09
             FORWARD        100.0000                       3                   2                   9       0.3133283E-09
             FORWARD        100.0000                       3                   2                  10       0.2749389E-09
             FORWARD        100.0000                       3                   2                  11       0.2347740E-09
             FORWARD        100.0000                       3                   2                  12       0.1781820E-09
             FORWARD        100.0000                       3                   2                  13       0.1284447E-09
             FORWARD        100.0000                       3                   2                  14       0.8451625E-10
             FORWARD        10000.00                       4                   1                   1       0.1989638E-02
             FORWARD        10000.00                       4                   1                   2       0.1683482E-02
             FORWARD        10000.00                       4                   1                   3       0.1384024E-02
             FORWARD        10000.00                       4                   1                   4       0.9618648E-03
             FORWARD        10000.00                       4                   1                   5       0.5972895E-03
             FORWARD        10000.00                       4                   1                   6       0.3011329E-03
             FORWARD        10000.00                       4                   1                   7       0.9132463E-04
             FORWARD        10000.00                       4                   1                   8       0.5246049E-04
             FORWARD        10000.00                       4                   1                   9       0.4597346E-04
             FORWARD        10000.00                       4                   1                  10       0.4151995E-04
             FORWARD        10000.00                       4                   1                  11       0.3696964E-04
             FORWARD        10000.00                       4                   1                  12       0.2759154E-04
             FORWARD        10000.00                       4                   1                  13       0.1000049E-04
             FORWARD        10000.00                       4                   1                  14       0.3484322E-04
             FORWARD        10000.00                       4                   1                  15       0.2537699E-04
             FORWARD        10000.00                       4                   1                  16       0.2278071E-04
             FORWARD        10000.00                       4                   1                  17       0.2978984E-05
             FORWARD        10000.00                       4                   1                  18       0.2985968E-05
             FORWARD        10000.00                       4                   1                  19       0.5307154E-06
             FORWARD        10000.00                       4                   1                  20       0.4401870E-06
             FORWARD        10000.00                       4                   1                  21       0.3870323E-06
             FORWARD        10000.00                       4                   1                  22       0.3282703E-06
             FORWARD        10000.00                       4                   1                  23       0.2373505E-06
             FORWARD        10000.00                       4                   1                  24       0.1699829E-06
             FORWARD        10000.00                       4                   1                  25       0.1159814E-06
             FORWARD        10000.00                       4                   1                  26       0.5101007E-07
             FORWARD        10000.00                       4                   1                  27       0.1699009E-07
             FORWARD        10000.00                       4                   1                  28       0.1370980E-07
             FORWARD        10000.00                       4                   1                  29       0.1274291E-07
             FORWARD        10000.00                       4                   1                  30       0.5705414E-08
             FORWARD        10000.00                       4                   1                  31       0.4259013E-08
             FORWARD        10000.00                       4                   1                  32       0.3944925E-08
             FORWARD        10000.00                       4                   1                  33       0.2863421E-08
             FORWARD        10000.00                       4                   1                  34       0.2810916E-08
             FORWARD        10000.00                       4                   1                  35       0.2723400E-08
             FORWARD        10000.00                       4                   1                  36       0.2354613E-08
             FORWARD        10000.00                       4                   1                  37       0.1416554E-08
             FORWARD        10000.00                       4                   1                  38       0.7565025E-09
             FORWARD        10000.00                       4                   1                  39       0.5887879E-09
             FORWARD        10000.00                       4                   1                  40       0.4949439E-09
             FORWARD        10000.00                       4                   1                  41       0.4315037E-09
             FORWARD        10000.00                       4                   1                  42       0.5829214E-09
             FORWARD        10000.00                       4                   1                  43       0.7078101E-10
             FORWARD        10000.00                       4                   2                   1       0.1920478E-02
             FORWARD        10000.00                       4                   2                   2       0.1679491E-02
             FORWARD        10000.00                       4                   2                   3       0.1411692E-02
             FORWARD        10000.00                       4                   2                   4       0.9931328E-03
             FORWARD        10000.00                       4                   2                   5       0.5998554E-03
             FORWARD        10000.00                       4                   2                   6       0.2928554E-03
             FORWARD        10000.00                       4                   2                   7       0.8807050E-04
             FORWARD        10000.00                       4                   2                   8       0.5271986E-04
             FORWARD        10000.00                       4                   2                   9       0.4512657E-04
             FORWARD        10000.00                       4                   2                  10       0.4025490E-04
             FORWARD        10000.00                       4                   2                  11       0.3499993E-04
             FORWARD        10000.00                       4                   2                  12       0.2313610E-04
             FORWARD        10000.00                       4                   2                  13       0.8686318E-05
             FORWARD        10000.00                       4                   2                  14       0.2449506E-04
             FORWARD        10000.00                       4                   2                  15       0.2784143E-04
             FORWARD        10000.00                       4                   2                  16       0.2537558E-04
             FORWARD        10000.00                       4                   2                  17       0.3066043E-04
             FORWARD        10000.00                       4                   2                  18       0.1140683E-05
             FORWARD        10000.00                       4                   2                  19       0.3352568E-06
             FORWARD        10000.00                       4                   2                  20       0.2152077E-06
             FORWARD        10000.00                       4                   2                  21       0.1655982E-06
             FORWARD        10000.00                       4                   2                  22       0.1299507E-06
             FORWARD        10000.00                       4                   2                  23       0.1433681E-06
             FORWARD        10000.00                       4                   2                  24       0.9152982E-07
             FORWARD        10000.00                       4                   2                  25       0.9069701E-07
             FORWARD        10000.00                       4                   2                  26       0.8517857E-07
             FORWARD        10000.00                       4                   2                  27       0.6245237E-07
             FORWARD        10000.00                       4                   2                  28       0.3257541E-07
             FORWARD        10000.00                       4                   2                  29       0.1928706E-07
             FORWARD        10000.00                       4                   2                  30       0.8277516E-08
             FORWARD        10000.00                       4                   2                  31       0.5542813E-08
             FORWARD        10000.00                       4                   2                  32       0.4932220E-08
             FORWARD        10000.00                       4                   2                  33       0.4507894E-08
             FORWARD        10000.00                       4                   2                  34       0.4134721E-08
             FORWARD        10000.00                       4                   2                  35       0.3756340E-08
             FORWARD        10000.00                       4                   2                  36       0.3179631E-08
             FORWARD        10000.00                       4                   2                  37       0.2171522E-08
             FORWARD        10000.00                       4                   2                  38       0.1336787E-08
             FORWARD        10000.00                       4                   2                  39       0.9445220E-09
             FORWARD        10000.00                       4                   2                  40       0.8170379E-09
             FORWARD        10000.00                       4                   2                  41       0.7395050E-09
             FORWARD        10000.00                       4                   2                  42       0.6761285E-09
             FORWARD        10000.00                       4                   2                  43       0.1026734E-08
             FORWARD        10000.00                       4                   2                  44       0.3226992E-09
             FORWARD        10000.00                       4                   2                  45       0.2234924E-09
             FORWARD        10000.00                       4                   2                  46       0.1293889E-09
             FORWARD        10000.00                       4                   2                  47       0.3099250E-10
