 # 3D MT model written by ModEM-OO in WS format
   21   28   11    0      LOGE
   20000.000   10000.000    5000.000    3000.000    2000.000    2000.000    2500.000    4500.000    4500.000    4500.000    4000.000    4500.000    4500.000    4500.000    2500.000    2000.000    2000.000    3000.000    5000.000   10000.000   20000.000
   20000.000   10000.000    5000.000    2500.000    1250.000    1250.000    1250.000    1250.000    2500.000    5000.000    5000.000    2500.000    1250.000    1250.000    1250.000    1250.000    2500.000    5000.000    5000.000    2500.000    1250.000    1250.000    1250.000    1250.000    2500.000    5000.000   10000.000   20000.000
     500.000    1000.000    1500.000    3000.000    4000.000    5000.000    5000.000   10000.000   10000.000   20000.000   40000.000

  4.81147E+04  3.74934E+04  3.65537E+04  5.71767E+04  6.38186E+04  8.67713E+04  1.33664E+05  2.70545E+05  2.71036E+05  2.70128E+05  2.44474E+05  2.73903E+05  2.74270E+05  2.69979E+05  1.33858E+05  8.71206E+04  6.43048E+04  5.81472E+04  3.82314E+04  3.83943E+04  4.76866E+04
  7.39935E+04  7.56152E+04  3.23569E+05  5.29667E+05  6.37146E+05  9.71343E+05  1.50416E+06  2.79987E+06  2.74179E+06  2.69368E+06  2.46434E+06  2.74983E+06  2.80474E+06  2.83180E+06  1.54139E+06  9.93891E+05  6.51335E+05  5.43581E+05  3.37796E+05  8.19127E+04  7.40900E+04
  9.00005E+04  4.18585E+05  7.79691E+05  1.61550E+05 -2.60640E+05  1.19721E+06  1.85106E+06  2.35383E+06  3.00267E+06  2.91296E+06  2.96914E+06  3.06733E+06  3.18564E+06  2.48632E+06  2.13392E+06  1.29172E+06 -2.67716E+05  1.33421E+05  7.62607E+05  4.11703E+05  8.85362E+04
  7.64345E+04  5.36869E+05  8.30887E+05 -2.26129E+06 -9.66228E+06 -6.59768E+06 -1.13458E+07 -2.04226E+07 -1.53783E+07 -1.58310E+07 -1.33971E+07 -1.57373E+07 -1.51988E+07 -2.01731E+07 -1.04041E+07 -6.48159E+06 -9.90794E+06 -2.44465E+06  7.59154E+05  5.19866E+05  7.43602E+04
  4.65384E+04  3.85830E+05  8.32188E+05 -1.99101E+06 -2.99262E+07 -3.02877E+07 -5.00117E+07 -7.40773E+07 -6.01536E+07 -6.17166E+07 -5.45344E+07 -6.18558E+07 -6.01300E+07 -7.37251E+07 -4.82326E+07 -3.01109E+07 -3.04081E+07 -2.24102E+06  7.70122E+05  3.74359E+05  4.51926E+04
  5.12755E+04  4.59964E+05  1.35388E+06  2.99495E+06  2.27795E+07  1.53526E+08  1.73893E+08  2.13106E+08  1.91067E+08  1.90672E+08  1.77600E+08  1.92102E+08  1.89484E+08  2.13918E+08  1.76689E+08  1.48388E+08  1.90225E+07  2.52169E+06  1.28413E+06  4.47910E+05  4.97700E+04
  5.45543E+04  5.01382E+05  1.36838E+06 -1.19319E+05 -2.20900E+07  4.64259E+07  1.98883E+07  7.36584E+06  1.12163E+07  1.11232E+07  1.93353E+07  1.74797E+07  1.67290E+07  6.60613E+06  2.22955E+07  4.95537E+07 -2.02079E+07 -7.50262E+04  1.33720E+06  4.90916E+05  5.29509E+04
  5.61667E+04  5.14759E+05  1.35464E+06  3.21620E+05 -6.17897E+06  6.52305E+07  5.36756E+07  5.32146E+07  5.51723E+07  5.40926E+07  5.30732E+07  5.16124E+07  5.11717E+07  4.87949E+07  5.20045E+07  6.66551E+07 -6.18224E+06  3.53021E+05  1.34304E+06  5.06086E+05  5.45084E+04
  1.12425E+05  1.00646E+06  2.43990E+06 -7.77215E+05 -1.99848E+07  5.24433E+07  3.84609E+07  2.70024E+07  3.05606E+07  3.04683E+07  3.49003E+07  3.21713E+07  3.50949E+07  2.50282E+07  3.60020E+07  5.54233E+07 -1.92817E+07 -5.30993E+05  2.46327E+06  9.93777E+05  1.09057E+05
  2.00854E+05  1.75439E+06  4.35273E+06  4.94742E+05 -1.98758E+07  6.68268E+07  5.50206E+07  4.36006E+07  5.03129E+07  4.89759E+07  5.29778E+07  5.04598E+07  5.07271E+07  4.09715E+07  5.42621E+07  6.92796E+07 -1.90268E+07  6.71454E+05  4.34389E+06  1.72651E+06  1.94469E+05
  1.92784E+05  2.13814E+06  6.02490E+06  3.31267E+06 -1.60077E+07  7.20582E+07  5.72814E+07  4.70225E+07  5.62665E+07  5.48790E+07  5.76511E+07  5.49703E+07  5.61763E+07  4.66204E+07  5.75961E+07  7.17684E+07 -1.67274E+07  3.04084E+06  5.88359E+06  2.09765E+06  1.89468E+05
  1.11645E+05  1.59768E+06  4.65067E+06  2.43640E+06 -1.46881E+07  6.08437E+07  3.61252E+07  2.41702E+07  3.77427E+07  3.47521E+07  3.80715E+07  3.56029E+07  3.47813E+07  2.21808E+07  3.74554E+07  6.07549E+07 -1.38920E+07  2.39520E+06  4.56261E+06  1.58213E+06  1.12441E+05
  5.83507E+04  9.40403E+05  2.81967E+06  1.34822E+06 -8.70631E+06  5.94996E+07  2.52565E+07  7.55392E+06  1.90013E+07  2.05621E+07  2.32675E+07  2.00282E+07  2.10628E+07  9.34635E+06  2.32942E+07  5.84853E+07 -7.80927E+06  1.21687E+06  2.74394E+06  9.32459E+05  5.93695E+04
  5.84715E+04  1.01515E+06  3.09226E+06  3.28226E+05 -3.42292E+07  1.99957E+07 -7.70412E+07 -1.30286E+08 -1.01684E+08 -1.09865E+08 -9.27889E+07 -1.07826E+08 -1.02646E+08 -1.31708E+08 -7.93382E+07  1.91946E+07 -3.89231E+07 -3.54146E+05  2.97442E+06  1.00699E+06  5.98945E+04
  5.64497E+04  1.05633E+06  3.46232E+06  5.04144E+06  1.87536E+07  2.62349E+08  2.60970E+08  3.41314E+08  3.27201E+08  3.36482E+08  3.17127E+08  3.39956E+08  3.32769E+08  3.44443E+08  2.54692E+08  2.68818E+08  1.70163E+07  4.61484E+06  3.35430E+06  1.04969E+06  5.82645E+04
  5.18581E+04  1.03191E+06  3.04455E+06  2.70924E+05 -2.78345E+07  2.10781E+08  2.01925E+08  2.37893E+08  2.42792E+08  2.57659E+08  2.44283E+08  2.52555E+08  2.42182E+08  2.48832E+08  2.01851E+08  2.21591E+08 -2.59277E+07  2.45881E+05  2.95817E+06  1.02721E+06  5.40247E+04
  8.36952E+04  1.85303E+06  4.26751E+06 -9.87072E+06 -9.29513E+07  1.89554E+08  1.24104E+08  1.05134E+08  1.27470E+08  1.15790E+08  1.17717E+08  1.25091E+08  1.20994E+08  1.02389E+08  1.09629E+08  1.91138E+08 -9.62015E+07 -1.08022E+07  4.04187E+06  1.84809E+06  8.89319E+04
  7.21761E+04  2.70828E+06  5.65616E+06 -1.37226E+07 -9.82599E+07  2.85448E+08  1.79754E+08  1.38332E+08  1.74535E+08  1.65719E+08  1.67305E+08  1.75836E+08  1.70343E+08  1.49288E+08  1.69346E+08  2.91122E+08 -1.00769E+08 -1.42942E+07  5.55177E+06  2.74410E+06  8.46559E+04
  6.33548E+04  2.64641E+06  5.00851E+06 -1.62896E+07 -1.06132E+08  3.00319E+08  1.75044E+08  1.40992E+08  1.73162E+08  1.71189E+08  1.66192E+08  1.71019E+08  1.71474E+08  1.44071E+08  1.74175E+08  3.01244E+08 -1.06048E+08 -1.60236E+07  5.05939E+06  2.65559E+06  6.89615E+04
  7.29593E+04  1.78285E+06  3.55792E+06 -1.30345E+07 -1.02384E+08  2.28211E+08  1.30730E+08  1.05046E+08  1.14394E+08  1.20372E+08  1.20865E+08  1.22545E+08  1.21712E+08  1.04084E+08  1.31925E+08  2.27697E+08 -1.03731E+08 -1.38353E+07  3.29693E+06  1.72976E+06  7.08567E+04
  4.37056E+04  9.62405E+05  2.44712E+06 -3.22964E+06 -4.64031E+07  2.33362E+08  2.10086E+08  2.61939E+08  2.61662E+08  2.76028E+08  2.52836E+08  2.71506E+08  2.70960E+08  2.67533E+08  2.04306E+08  2.36044E+08 -4.57200E+07 -3.35139E+06  2.38176E+06  9.41798E+05  4.24138E+04
  4.61066E+04  9.62858E+05  2.85601E+06  1.77608E+06 -2.27908E+06  3.09428E+08  2.87413E+08  3.66753E+08  3.59600E+08  3.82428E+08  3.54517E+08  3.71644E+08  3.49444E+08  3.60737E+08  2.77818E+08  3.05465E+08 -8.29709E+06  1.44751E+06  2.84100E+06  9.50050E+05  4.49120E+04
  4.56420E+04  8.92561E+05  2.56028E+06 -4.96347E+05 -2.88435E+07  8.92907E+07 -2.20785E+07 -7.60450E+07 -5.52805E+07 -5.90434E+07 -4.94594E+07 -5.60028E+07 -4.90887E+07 -7.18038E+07 -1.69720E+07  1.03183E+08 -2.16657E+07  3.35023E+05  2.64880E+06  8.89371E+05  4.47049E+04
  4.28404E+04  7.79691E+05  2.16593E+06 -6.81786E+05 -2.13360E+07  8.45258E+05 -5.43599E+07 -7.64986E+07 -5.66584E+07 -5.68352E+07 -4.89135E+07 -5.79755E+07 -5.61048E+07 -7.81350E+07 -5.73942E+07 -2.80614E+05 -2.10686E+07 -2.41623E+05  2.26604E+06  7.82648E+05  4.21957E+04
  7.27392E+04  1.16600E+06  3.26395E+06  1.61124E+06 -2.82866E+06  8.06476E+06 -9.96516E+06 -2.30301E+07 -1.32614E+07 -1.20899E+07 -9.58108E+06 -1.26419E+07 -1.29883E+07 -2.38211E+07 -1.08656E+07  7.95665E+06 -2.48482E+06  2.00259E+06  3.41611E+06  1.17969E+06  7.22075E+04
  9.13802E+04  9.90687E+05  3.31703E+06  4.31520E+06  4.77001E+06  8.08538E+06  7.52910E+06  8.48626E+06  1.00993E+07  1.08388E+07  1.01377E+07  1.05853E+07  1.00503E+07  8.13578E+06  7.33366E+06  8.08085E+06  4.87840E+06  4.47909E+06  3.41925E+06  1.00752E+06  9.17370E+04
  1.39292E+05  2.21257E+05  1.16506E+06  1.85282E+06  1.98353E+06  2.56762E+06  3.32901E+06  5.20569E+06  4.85091E+06  4.75440E+06  4.24764E+06  4.68421E+06  4.76699E+06  5.06600E+06  3.26873E+06  2.54143E+06  1.97622E+06  1.85884E+06  1.17604E+06  2.25898E+05  1.41929E+05
  1.60908E+05  1.49137E+05  1.27294E+05  1.44416E+05  1.33579E+05  1.55996E+05  1.98328E+05  2.85168E+05  1.93836E+05  1.45505E+05  1.18467E+05  1.39035E+05  1.81401E+05  2.67450E+05  1.90239E+05  1.51196E+05  1.30402E+05  1.42184E+05  1.27311E+05  1.51608E+05  1.63299E+05

  6.01765E+04  1.87589E+04 -1.71930E+04  1.50297E+04  3.84593E+04  6.62619E+04  1.12875E+05  2.30205E+05  2.23076E+05  2.20547E+05  2.02365E+05  2.23983E+05  2.23596E+05  2.23136E+05  1.10140E+05  6.49916E+04  3.80216E+04  1.57190E+04 -1.46535E+04  2.07333E+04  6.00153E+04
  7.54352E+04 -9.49346E+04  2.27584E+05  6.39969E+05  9.07080E+05  1.47151E+06  2.33016E+06  4.28209E+06  4.08583E+06  3.96489E+06  3.63934E+06  4.06171E+06  4.18656E+06  4.31539E+06  2.38161E+06  1.50652E+06  9.33041E+05  6.70440E+05  2.61384E+05 -7.71632E+04  7.78454E+04
  7.20889E+04  3.67496E+05  1.19227E+06  8.16240E+05  7.30070E+05  3.64734E+06  5.69884E+06  8.38343E+06  8.74973E+06  8.43770E+06  8.21951E+06  8.79265E+06  9.10813E+06  8.59418E+06  6.15754E+06  3.82222E+06  7.51313E+05  8.04452E+05  1.18976E+06  3.68572E+05  7.25001E+04
  6.91090E+04  6.71618E+05  1.67102E+06 -1.56488E+06 -8.83598E+06 -9.52872E+05 -3.39274E+06 -1.03319E+07 -5.50666E+06 -6.37409E+06 -4.04407E+06 -5.82598E+06 -5.08625E+06 -9.91001E+06 -1.93613E+06 -7.64232E+05 -9.16684E+06 -1.83202E+06  1.56690E+06  6.48725E+05  6.69927E+04
  4.40978E+04  5.21732E+05  1.69880E+06 -2.03660E+05 -1.62021E+07  2.43250E+06 -4.92194E+06 -1.52344E+07 -8.54923E+06 -1.01346E+07 -6.46685E+06 -9.35392E+06 -8.40487E+06 -1.47473E+07 -2.74728E+06  2.18706E+06 -1.70294E+07 -5.83582E+05  1.60176E+06  5.04033E+05  4.23903E+04
  4.93655E+04  6.36643E+05  2.57572E+06  6.43461E+06  2.89162E+07  1.54132E+08  1.81338E+08  2.24238E+08  2.00655E+08  1.99848E+08  1.88003E+08  2.02709E+08  2.00081E+08  2.24412E+08  1.83976E+08  1.50335E+08  2.58232E+07  5.81164E+06  2.46479E+06  6.16669E+05  4.72695E+04
  5.25351E+04  6.97589E+05  2.69595E+06  3.44726E+06 -1.70530E+06  8.56286E+07  7.92242E+07  8.30008E+07  7.87451E+07  7.86841E+07  8.20364E+07  8.47704E+07  8.35596E+07  8.22955E+07  8.16557E+07  8.81720E+07 -5.98834E+05  3.42522E+06  2.63505E+06  6.78567E+05  5.01350E+04
  5.32514E+04  7.09647E+05  2.66486E+06  3.52383E+06  5.72246E+06  8.66295E+07  8.71287E+07  9.47370E+07  9.15368E+07  9.08477E+07  8.89187E+07  9.00362E+07  8.95036E+07  9.03794E+07  8.57618E+07  8.84705E+07  5.90987E+06  3.54454E+06  2.63149E+06  6.92043E+05  5.06176E+04
  1.01354E+05  1.34034E+06  4.74729E+06  4.05570E+06 -1.75766E+06  8.88237E+07  9.14869E+07  9.29493E+07  9.01471E+07  9.03162E+07  9.21982E+07  9.30138E+07  9.58999E+07  9.03628E+07  8.85317E+07  9.21362E+07 -7.75840E+05  4.35451E+06  4.74308E+06  1.30902E+06  9.56251E+04
  1.43648E+05  2.06463E+06  7.76581E+06  7.13839E+06  1.05455E+06  1.07209E+08  1.15576E+08  1.20278E+08  1.20544E+08  1.18991E+08  1.19760E+08  1.21256E+08  1.21377E+08  1.16408E+08  1.14504E+08  1.10228E+08  2.10596E+06  7.31182E+06  7.68075E+06  1.99668E+06  1.32286E+05
  7.35507E+04  2.37886E+06  1.02707E+07  1.18711E+07  7.40913E+06  1.15874E+08  1.20657E+08  1.27558E+08  1.31565E+08  1.30170E+08  1.29114E+08  1.30295E+08  1.31073E+08  1.26351E+08  1.20840E+08  1.15352E+08  6.47106E+06  1.13982E+07  1.00230E+07  2.31296E+06  6.94652E+04
  2.61364E+04  1.92282E+06  8.29327E+06  1.01424E+07  6.98265E+06  1.01486E+08  9.05617E+07  9.02421E+07  1.01002E+08  9.88943E+07  9.89885E+07  9.96683E+07  9.80115E+07  8.84160E+07  9.13525E+07  1.01596E+08  7.67014E+06  1.00705E+07  8.16518E+06  1.90718E+06  2.88460E+04
  9.40962E+03  1.17541E+06  5.19907E+06  6.74254E+06  6.40304E+06  8.63050E+07  6.15215E+07  5.04311E+07  6.03265E+07  6.21679E+07  6.35101E+07  6.21527E+07  6.23106E+07  5.20171E+07  5.89784E+07  8.55826E+07  6.90748E+06  6.55633E+06  5.09271E+06  1.16958E+06  1.19147E+04
  5.08245E+03  1.28860E+06  5.82935E+06  7.25087E+06 -3.21103E+06  9.25716E+07  3.16241E+07  8.44847E+06  2.68125E+07  2.35078E+07  3.16797E+07  2.58881E+07  2.78465E+07  8.69108E+06  2.78190E+07  9.27212E+07 -6.73475E+06  6.38740E+06  5.65943E+06  1.28341E+06  8.31024E+03
 -1.88811E+03  1.34659E+06  6.48242E+06  1.37163E+07  4.56104E+07  3.00766E+08  3.22547E+08  4.17274E+08  3.98866E+08  4.09835E+08  3.86822E+08  4.12974E+08  4.04442E+08  4.22164E+08  3.16644E+08  3.07648E+08  4.40868E+07  1.30805E+07  6.31808E+06  1.34438E+06  2.01853E+03
 -1.20870E+04  1.29896E+06  5.88874E+06  7.98787E+06  1.14710E+07  2.75267E+08  3.01115E+08  3.71805E+08  3.65871E+08  3.81283E+08  3.59837E+08  3.78120E+08  3.64873E+08  3.82543E+08  2.99930E+08  2.86266E+08  1.30517E+07  7.83172E+06  5.75225E+06  1.30039E+06 -7.58131E+03
 -6.23301E+04  2.22372E+06  8.71910E+06 -9.22610E+05 -3.88843E+07  2.94556E+08  2.87022E+08  3.17053E+08  3.26308E+08  3.17582E+08  3.05707E+08  3.28922E+08  3.19510E+08  3.17305E+08  2.70185E+08  2.97245E+08 -4.22356E+07 -2.33907E+06  8.38166E+06  2.23608E+06 -5.18152E+04
 -2.81218E+05  2.75456E+06  1.14788E+07 -2.72009E+06 -3.47253E+07  4.11747E+08  3.72848E+08  3.74387E+08  3.93805E+08  3.83235E+08  3.70403E+08  3.99624E+08  3.91265E+08  3.89520E+08  3.60107E+08  4.17575E+08 -3.67243E+07 -3.37509E+06  1.14296E+07  2.85961E+06 -2.57037E+05
 -2.88497E+05  2.74054E+06  1.07484E+07 -5.81174E+06 -4.06174E+07  4.31328E+08  3.72949E+08  3.83192E+08  3.96449E+08  3.95691E+08  3.73437E+08  3.98090E+08  3.97363E+08  3.87299E+08  3.72030E+08  4.32376E+08 -4.04554E+07 -5.34705E+06  1.08852E+07  2.78132E+06 -2.76172E+05
 -6.81485E+04  2.22328E+06  7.97929E+06 -4.37729E+06 -4.38913E+07  3.44213E+08  3.08534E+08  3.35025E+08  3.25294E+08  3.37589E+08  3.19804E+08  3.37881E+08  3.35274E+08  3.33785E+08  3.08181E+08  3.42976E+08 -4.65421E+07 -5.91416E+06  7.45853E+06  2.12161E+06 -7.15578E+04
 -1.71294E+04  1.25341E+06  5.13805E+06  3.77747E+06 -1.99612E+06  3.08936E+08  3.23725E+08  4.09237E+08  3.95688E+08  4.14529E+08  3.80816E+08  4.08035E+08  4.02264E+08  4.10769E+08  3.16297E+08  3.09711E+08 -2.25117E+06  3.42046E+06  4.98416E+06  1.21017E+06 -1.94806E+04
 -8.82723E+03  1.26473E+06  5.65810E+06  9.61529E+06  3.13708E+07  3.54537E+08  3.61366E+08  4.57898E+08  4.42505E+08  4.66970E+08  4.32354E+08  4.56775E+08  4.35639E+08  4.52901E+08  3.53010E+08  3.52961E+08  2.77264E+07  9.29397E+06  5.60631E+06  1.23436E+06 -1.11343E+04
 -4.12243E+03  1.16042E+06  5.02826E+06  5.67846E+06  4.59075E+05  1.50839E+08  7.58018E+07  5.07161E+07  6.37732E+07  6.59377E+07  6.56384E+07  6.61874E+07  6.75666E+07  5.33447E+07  7.84184E+07  1.61460E+08  6.33707E+06  6.74637E+06  5.13942E+06  1.14617E+06 -6.08540E+03
 -2.30132E+03  9.85763E+05  4.14416E+06  3.49770E+06 -6.76969E+06  3.44392E+07 -1.26662E+07 -3.17941E+07 -1.39160E+07 -1.28620E+07 -8.13398E+06 -1.39863E+07 -1.31044E+07 -3.29502E+07 -1.46762E+07  3.50200E+07 -5.47931E+06  4.20376E+06  4.28787E+06  9.82523E+05 -3.83024E+03
 -4.43029E+03  1.36171E+06  5.76560E+06  6.16130E+06  4.34612E+06  2.44090E+07  4.86202E+06 -7.07508E+06  4.65703E+06  6.56015E+06  8.06804E+06  5.68238E+06  4.82864E+06 -8.31806E+06  3.73436E+06  2.44812E+07  5.04326E+06  6.81169E+06  5.99333E+06  1.37094E+06 -6.29779E+03
 -2.99553E+03  8.17517E+05  4.95121E+06  7.84297E+06  9.61759E+06  1.58342E+07  1.65105E+07  2.05221E+07  2.20752E+07  2.29779E+07  2.12656E+07  2.25525E+07  2.18580E+07  1.98499E+07  1.62002E+07  1.58263E+07  9.79948E+06  8.10473E+06  5.09805E+06  8.28902E+05 -4.16290E+03
  1.66065E+05 -1.48329E+05  1.07398E+06  2.33400E+06  2.75794E+06  3.70056E+06  4.78999E+06  7.12136E+06  6.36767E+06  6.11159E+06  5.44906E+06  6.00563E+06  6.21185E+06  6.87488E+06  4.68972E+06  3.65581E+06  2.74438E+06  2.34113E+06  1.08643E+06 -1.47450E+05  1.69122E+05
  2.58919E+05  1.73790E+05  2.93851E+04  4.81587E+04  5.99753E+04  7.35194E+04  7.21688E+04 -2.97101E+04 -1.82856E+05 -2.56983E+05 -2.43452E+05 -2.63872E+05 -1.99641E+05 -5.45844E+04  6.13574E+04  6.73583E+04  5.61706E+04  4.59834E+04  3.03884E+04  1.77179E+05  2.62117E+05

  4.26271E+04 -6.84975E+03 -1.06093E+05 -9.32827E+04 -5.81952E+04 -4.79967E+04 -4.86171E+04 -8.90529E+04 -9.61846E+04 -9.25026E+04 -7.63055E+04 -9.54591E+04 -1.06309E+05 -1.09124E+05 -5.79115E+04 -5.33111E+04 -6.14517E+04 -9.48951E+04 -1.04698E+05 -4.68006E+03  4.30516E+04
  5.36761E+04 -4.09497E+05 -3.33947E+05  1.38430E+05  5.42255E+05  1.07097E+06  1.80932E+06  3.24477E+06  2.90248E+06  2.72707E+06  2.52870E+06  2.81901E+06  2.98239E+06  3.22786E+06  1.83189E+06  1.09613E+06  5.69348E+05  1.80156E+05 -2.82857E+05 -3.79323E+05  5.96140E+04
 -2.03679E+03 -2.04803E+05  8.55363E+05  1.62577E+06  2.57707E+06  5.92452E+06  9.38005E+06  1.50109E+07  1.41431E+07  1.35740E+07  1.28368E+07  1.40441E+07  1.45576E+07  1.51469E+07  9.74565E+06  6.10742E+06  2.65141E+06  1.68105E+06  9.05591E+05 -1.78050E+05  3.78864E+03
  5.53664E+03  2.47741E+05  2.00429E+06  2.17770E+06  1.64161E+06  1.10401E+07  1.57928E+07  2.12761E+07  2.08311E+07  1.98196E+07  1.95279E+07  2.07076E+07  2.14158E+07  2.15228E+07  1.67749E+07  1.12160E+07  1.46240E+06  2.00657E+06  1.93973E+06  2.37845E+05  6.17478E+03
  6.80820E+03  2.79807E+05  2.04627E+06  3.74859E+06  4.68353E+06  2.35647E+07  3.07304E+07  4.00238E+07  3.68848E+07  3.59000E+07  3.47291E+07  3.69622E+07  3.73210E+07  4.00905E+07  3.16964E+07  2.33622E+07  4.19838E+06  3.48851E+06  1.97131E+06  2.66482E+05  6.26461E+03
  9.03898E+03  3.71928E+05  2.85435E+06  7.93537E+06  2.17363E+07  7.45147E+07  9.47540E+07  1.23291E+08  1.09471E+08  1.08689E+08  1.02793E+08  1.10796E+08  1.10026E+08  1.22853E+08  9.55019E+07  7.35339E+07  2.07297E+07  7.57717E+06  2.76282E+06  3.53853E+05  7.89606E+03
  9.98040E+03  4.15988E+05  3.11055E+06  7.50188E+06  1.57805E+07  6.21997E+07  7.43803E+07  9.26152E+07  8.40790E+07  8.37931E+07  8.15866E+07  8.67113E+07  8.62286E+07  9.24053E+07  7.51634E+07  6.31397E+07  1.59631E+07  7.40590E+06  3.04063E+06  3.95381E+05  8.27877E+03
  9.26469E+03  4.11568E+05  3.08689E+06  7.16296E+06  1.54450E+07  5.65475E+07  6.83568E+07  8.42633E+07  7.75782E+07  7.72522E+07  7.44536E+07  7.82143E+07  7.79981E+07  8.27466E+07  6.77806E+07  5.76250E+07  1.56479E+07  7.13914E+06  3.03068E+06  3.89074E+05  7.06599E+03
  1.07265E+04  6.85775E+05  5.45012E+06  1.10237E+07  1.98858E+07  7.12240E+07  8.95249E+07  1.10487E+08  1.02097E+08  1.01967E+08  9.91952E+07  1.04253E+08  1.05658E+08  1.09642E+08  8.80824E+07  7.30747E+07  2.05086E+07  1.11274E+07  5.36469E+06  6.36427E+05  5.16690E+03
 -4.27665E+04  4.92421E+05  7.90479E+06  1.54369E+07  2.58974E+07  8.63003E+07  1.11364E+08  1.39463E+08  1.31500E+08  1.29837E+08  1.25337E+08  1.31498E+08  1.31950E+08  1.36967E+08  1.10255E+08  8.77198E+07  2.63358E+07  1.53453E+07  7.67765E+06  3.84730E+05 -5.47121E+04
 -1.83125E+05  1.94614E+05  9.66456E+06  1.97673E+07  3.17636E+07  9.43181E+07  1.17544E+08  1.47769E+08  1.42276E+08  1.41449E+08  1.35489E+08  1.41294E+08  1.41552E+08  1.46576E+08  1.17349E+08  9.38574E+07  3.11359E+07  1.93143E+07  9.40942E+06  1.36457E+05 -1.83669E+05
 -1.61464E+05  4.84087E+05  8.37220E+06  1.77465E+07  2.94090E+07  8.44666E+07  9.58451E+07  1.16347E+08  1.15527E+08  1.15563E+08  1.10931E+08  1.15405E+08  1.14370E+08  1.15796E+08  9.54739E+07  8.47838E+07  2.97156E+07  1.77168E+07  8.29575E+06  4.91358E+05 -1.55894E+05
 -9.79820E+04  3.90044E+05  5.49778E+06  1.24015E+07  2.23579E+07  6.72941E+07  6.96742E+07  8.07676E+07  8.06043E+07  8.21235E+07  7.94065E+07  8.23650E+07  8.16771E+07  8.16481E+07  6.78410E+07  6.74083E+07  2.25804E+07  1.23264E+07  5.44223E+06  4.00326E+05 -9.38928E+04
 -1.10219E+05  4.65096E+05  6.30166E+06  1.50047E+07  2.83791E+07  9.22666E+07  9.30028E+07  1.12386E+08  1.10957E+08  1.12160E+08  1.08337E+08  1.13378E+08  1.12435E+08  1.14031E+08  9.03520E+07  9.31343E+07  2.75509E+07  1.45980E+07  6.20371E+06  4.78320E+05 -1.05365E+05
 -1.23459E+05  4.89801E+05  6.90811E+06  1.91489E+07  4.84917E+07  1.65726E+08  1.97502E+08  2.60949E+08  2.45632E+08  2.51076E+08  2.36020E+08  2.52328E+08  2.47862E+08  2.64751E+08  1.94868E+08  1.69501E+08  4.82437E+07  1.87886E+07  6.80500E+06  5.06968E+05 -1.17936E+05
 -1.37965E+05  4.24752E+05  6.50173E+06  1.63654E+07  3.93002E+07  1.64740E+08  2.04036E+08  2.67276E+08  2.53623E+08  2.60251E+08  2.43985E+08  2.59743E+08  2.52771E+08  2.72194E+08  2.02914E+08  1.70470E+08  4.01943E+07  1.62219E+07  6.41250E+06  4.46160E+05 -1.31885E+05
 -3.21574E+05  4.43137E+05  1.02086E+07  1.94397E+07  3.90522E+07  2.13521E+08  2.62698E+08  3.34946E+08  3.19966E+08  3.18066E+08  2.99007E+08  3.24302E+08  3.17744E+08  3.37956E+08  2.54492E+08  2.16529E+08  3.80601E+07  1.85847E+07  1.00130E+07  4.98711E+05 -3.08115E+05
 -7.91531E+05 -7.87759E+05  1.29536E+07  2.43041E+07  5.55910E+07  2.87866E+08  3.36722E+08  4.05421E+08  3.86300E+08  3.78034E+08  3.54338E+08  3.90719E+08  3.89020E+08  4.15312E+08  3.30688E+08  2.91993E+08  5.59514E+07  2.44307E+07  1.31958E+07 -5.96939E+05 -7.62456E+05
 -7.97838E+05 -6.58898E+05  1.28921E+07  2.33626E+07  5.57145E+07  3.01088E+08  3.43144E+08  4.17315E+08  3.94043E+08  3.91348E+08  3.61580E+08  3.95112E+08  3.98116E+08  4.18561E+08  3.42917E+08  3.02781E+08  5.66737E+07  2.40371E+07  1.31557E+07 -5.65357E+05 -7.79956E+05
 -3.20526E+05  6.33312E+05  1.02964E+07  1.90216E+07  4.24057E+07  2.44981E+08  2.87035E+08  3.62048E+08  3.34443E+08  3.41006E+08  3.15252E+08  3.39776E+08  3.39025E+08  3.58530E+08  2.83623E+08  2.42395E+08  3.96897E+07  1.73086E+07  9.66245E+06  5.15093E+05 -3.22899E+05
 -1.36733E+05  4.98397E+05  6.23386E+06  1.47355E+07  3.79658E+07  1.86321E+08  2.23689E+08  2.93529E+08  2.74319E+08  2.83113E+08  2.60034E+08  2.79717E+08  2.74891E+08  2.90157E+08  2.18570E+08  1.84976E+08  3.70290E+07  1.41996E+07  6.00709E+06  4.41594E+05 -1.38931E+05
 -1.21879E+05  5.36369E+05  6.47591E+06  1.71524E+07  4.62466E+07  1.90899E+08  2.19383E+08  2.84974E+08  2.68390E+08  2.79040E+08  2.57440E+08  2.75194E+08  2.66518E+08  2.81783E+08  2.15679E+08  1.90603E+08  4.55508E+07  1.69602E+07  6.36288E+06  4.90963E+05 -1.24229E+05
 -1.08270E+05  4.73337E+05  5.72756E+06  1.35450E+07  2.91053E+07  1.11316E+08  1.06089E+08  1.23474E+08  1.20634E+08  1.24456E+08  1.16047E+08  1.23243E+08  1.20906E+08  1.22846E+08  1.05776E+08  1.14080E+08  3.10148E+07  1.40763E+07  5.75251E+06  4.43130E+05 -1.10436E+05
 -9.55993E+04  3.46470E+05  4.60787E+06  9.67969E+06  1.58521E+07  4.82250E+07  3.97082E+07  4.44139E+07  4.77212E+07  4.92811E+07  4.66579E+07  4.85068E+07  4.76781E+07  4.34454E+07  3.90442E+07  4.89453E+07  1.68313E+07  1.01749E+07  4.68590E+06  3.28121E+05 -9.74465E+04
 -1.54379E+05  2.38210E+05  5.77145E+06  1.12096E+07  1.63235E+07  3.51296E+07  3.15679E+07  3.55308E+07  3.92263E+07  4.05355E+07  3.81586E+07  3.98311E+07  3.88086E+07  3.42125E+07  3.08971E+07  3.53142E+07  1.69528E+07  1.17416E+07  5.92418E+06  2.22180E+05 -1.57089E+05
 -1.45081E+05 -6.22898E+05  3.51867E+06  8.22894E+06  1.14297E+07  1.79041E+07  2.10478E+07  2.82633E+07  2.76475E+07  2.78441E+07  2.54709E+07  2.74723E+07  2.71754E+07  2.74416E+07  2.07689E+07  1.78810E+07  1.15793E+07  8.43948E+06  3.61015E+06 -6.41253E+05 -1.47949E+05
  2.02164E+05 -8.40739E+05 -4.42431E+05  8.31588E+05  1.55197E+06  2.32795E+06  2.96157E+06  3.52359E+06  2.50682E+06  2.08943E+06  1.83569E+06  2.01587E+06  2.32951E+06  3.26540E+06  2.86742E+06  2.28357E+06  1.53585E+06  8.32218E+05 -4.41250E+05 -8.50453E+05  2.04367E+05
  3.09277E+05  1.97699E+05 -1.54251E+05 -2.01006E+05 -1.66519E+05 -1.94968E+05 -3.05450E+05 -7.63847E+05 -9.01588E+05 -9.55901E+05 -8.57212E+05 -9.54759E+05 -9.10066E+05 -7.78691E+05 -3.10756E+05 -1.97450E+05 -1.67443E+05 -2.00319E+05 -1.51530E+05  2.00092E+05  3.11517E+05

  1.62331E+03  9.15397E+04 -4.92632E+04 -1.09880E+05 -9.71626E+04 -1.06816E+05 -1.37734E+05 -2.39529E+05 -1.85307E+05 -1.38742E+05 -1.12701E+05 -1.55649E+05 -2.16912E+05 -2.82632E+05 -1.58751E+05 -1.19703E+05 -1.06122E+05 -1.16970E+05 -5.21247E+04  9.20308E+04  2.01394E+03
  1.73894E+05 -5.16403E+05 -1.12922E+06 -9.45567E+05 -4.96550E+05 -2.52970E+05 -9.40538E+04 -3.59853E+05 -6.92767E+05 -8.20064E+05 -6.64939E+05 -7.92504E+05 -7.09055E+05 -4.92939E+05 -1.41702E+05 -2.62906E+05 -4.85015E+05 -9.05251E+05 -1.06778E+06 -4.75661E+05  1.82857E+05
  9.35805E+04 -9.54019E+05 -7.14273E+05  5.42059E+05  2.11130E+06  4.67727E+06  7.75345E+06  1.25756E+07  1.08763E+07  1.02333E+07  9.65940E+06  1.06220E+07  1.11633E+07  1.24836E+07  7.87155E+06  4.79637E+06  2.21322E+06  6.70625E+05 -5.89892E+05 -8.86236E+05  1.07484E+05
  4.55801E+04 -5.27300E+05  7.75936E+05  3.09103E+06  5.86646E+06  1.28091E+07  1.95184E+07  2.96447E+07  2.62184E+07  2.52984E+07  2.39075E+07  2.60761E+07  2.67335E+07  2.95763E+07  1.98243E+07  1.29199E+07  5.84580E+06  3.06941E+06  7.89562E+05 -5.08748E+05  5.13565E+04
  2.73175E+04 -2.13026E+05  1.17742E+06  4.14031E+06  8.21966E+06  1.83809E+07  2.64502E+07  3.83309E+07  3.35957E+07  3.29493E+07  3.10730E+07  3.37330E+07  3.40566E+07  3.81882E+07  2.66051E+07  1.83283E+07  8.08278E+06  4.04960E+06  1.15060E+06 -2.13460E+05  2.92901E+04
  3.15927E+04 -1.83780E+05  1.69381E+06  6.24808E+06  1.37754E+07  3.15694E+07  4.37864E+07  6.15611E+07  5.38871E+07  5.33007E+07  5.02436E+07  5.44430E+07  5.45407E+07  6.13087E+07  4.38029E+07  3.14422E+07  1.35721E+07  6.11882E+06  1.64478E+06 -1.91790E+05  3.28128E+04
  3.66560E+04 -1.78868E+05  1.91935E+06  6.78690E+06  1.42376E+07  3.22756E+07  4.39120E+07  6.06752E+07  5.36793E+07  5.33114E+07  5.06375E+07  5.46093E+07  5.47137E+07  6.07000E+07  4.39599E+07  3.25360E+07  1.42503E+07  6.70626E+06  1.85999E+06 -1.94072E+05  3.70697E+04
  4.22107E+04 -2.01863E+05  1.89323E+06  6.56368E+06  1.34552E+07  2.96731E+07  4.04089E+07  5.53261E+07  4.93259E+07  4.90705E+07  4.65880E+07  5.00179E+07  5.01620E+07  5.52337E+07  4.02048E+07  3.00648E+07  1.35459E+07  6.50530E+06  1.82355E+06 -2.23862E+05  4.18338E+04
  1.00860E+05 -5.57655E+05  3.08244E+06  1.05411E+07  2.02732E+07  4.27306E+07  5.93095E+07  8.16143E+07  7.31029E+07  7.27574E+07  6.92640E+07  7.42421E+07  7.50296E+07  8.20750E+07  5.89065E+07  4.34356E+07  2.04864E+07  1.04312E+07  2.91164E+06 -6.19030E+05  9.80909E+04
  2.55338E+05 -1.94808E+06  2.77225E+06  1.27218E+07  2.47312E+07  5.15621E+07  7.25164E+07  9.91427E+07  8.93326E+07  8.78486E+07  8.32318E+07  8.85320E+07  8.92785E+07  9.81231E+07  7.16307E+07  5.17665E+07  2.46138E+07  1.23047E+07  2.37607E+06 -2.09106E+06  2.47522E+05
  1.66274E+05 -3.13307E+06  2.22538E+06  1.40423E+07  2.73922E+07  5.53408E+07  7.51096E+07  1.00367E+08  9.09759E+07  9.04444E+07  8.56146E+07  8.98773E+07  9.01805E+07  9.95703E+07  7.46776E+07  5.50081E+07  2.70318E+07  1.37094E+07  2.02340E+06 -3.15864E+06  1.73824E+05
 -3.40003E+04 -2.03245E+06  2.98482E+06  1.37773E+07  2.61493E+07  5.10475E+07  6.52574E+07  8.49533E+07  7.76609E+07  7.81437E+07  7.39122E+07  7.74499E+07  7.73399E+07  8.50880E+07  6.47420E+07  5.13673E+07  2.64088E+07  1.38837E+07  3.01945E+06 -1.98593E+06 -2.45145E+04
 -4.73873E+04 -1.07923E+06  2.38462E+06  1.01706E+07  1.99744E+07  4.00389E+07  4.98684E+07  6.45723E+07  5.89526E+07  5.97936E+07  5.66440E+07  5.97459E+07  5.94471E+07  6.52773E+07  4.90213E+07  4.03972E+07  2.02660E+07  1.02783E+07  2.42389E+06 -1.04363E+06 -4.16082E+04
 -6.72134E+04 -1.12773E+06  2.90792E+06  1.24768E+07  2.57975E+07  5.42271E+07  6.80123E+07  8.99283E+07  8.17039E+07  8.27181E+07  7.79894E+07  8.29308E+07  8.24160E+07  9.13083E+07  6.69973E+07  5.50320E+07  2.60247E+07  1.25125E+07  2.93929E+06 -1.08628E+06 -6.09431E+04
 -8.57698E+04 -1.19681E+06  3.19232E+06  1.43709E+07  3.24033E+07  7.32497E+07  9.60129E+07  1.30444E+08  1.17702E+08  1.19301E+08  1.11518E+08  1.19474E+08  1.18248E+08  1.32523E+08  9.53055E+07  7.50186E+07  3.28331E+07  1.44100E+07  3.22262E+06 -1.15052E+06 -7.91920E+04
 -1.02678E+05 -1.30395E+06  2.90485E+06  1.34083E+07  3.09765E+07  7.48600E+07  1.01233E+08  1.38258E+08  1.24638E+08  1.26148E+08  1.17558E+08  1.26112E+08  1.24298E+08  1.40402E+08  1.00936E+08  7.72594E+07  3.16872E+07  1.34996E+07  2.94159E+06 -1.25357E+06 -9.59445E+04
 -2.50024E+05 -3.01902E+06  3.74493E+06  1.92712E+07  4.48678E+07  1.12700E+08  1.55745E+08  2.12484E+08  1.89612E+08  1.88646E+08  1.75318E+08  1.91025E+08  1.89716E+08  2.15557E+08  1.53669E+08  1.15000E+08  4.54382E+07  1.92961E+07  3.84296E+06 -2.90701E+06 -2.36536E+05
 -5.99735E+05 -7.20897E+06  1.05385E+06  2.11468E+07  5.67379E+07  1.46267E+08  1.97250E+08  2.57889E+08  2.23424E+08  2.15943E+08  1.99077E+08  2.23491E+08  2.28427E+08  2.63376E+08  1.96343E+08  1.49354E+08  5.84230E+07  2.22044E+07  1.68782E+06 -6.94080E+06 -5.74583E+05
 -6.54340E+05 -7.01415E+06  1.69516E+06  2.21154E+07  5.93234E+07  1.53912E+08  2.04614E+08  2.68960E+08  2.32413E+08  2.26154E+08  2.06167E+08  2.29660E+08  2.36596E+08  2.67859E+08  2.04345E+08  1.55204E+08  6.03805E+07  2.29343E+07  2.11021E+06 -6.85197E+06 -6.32070E+05
 -2.99871E+05 -2.71090E+06  4.68113E+06  2.11919E+07  5.04033E+07  1.28762E+08  1.73242E+08  2.34957E+08  2.05537E+08  2.04834E+08  1.87009E+08  2.03869E+08  2.05712E+08  2.29717E+08  1.69090E+08  1.25831E+08  4.81437E+07  1.96562E+07  4.06756E+06 -2.80908E+06 -2.97447E+05
 -1.29866E+05 -1.12903E+06  3.23353E+06  1.38356E+07  3.33151E+07  8.48302E+07  1.12410E+08  1.52626E+08  1.35827E+08  1.37147E+08  1.25605E+08  1.36040E+08  1.34645E+08  1.48778E+08  1.09394E+08  8.33495E+07  3.24023E+07  1.32448E+07  2.96772E+06 -1.18449E+06 -1.29634E+05
 -1.13289E+05 -1.01914E+06  3.36360E+06  1.42767E+07  3.37194E+07  8.21028E+07  1.05252E+08  1.41314E+08  1.26902E+08  1.28926E+08  1.18415E+08  1.27937E+08  1.25641E+08  1.38303E+08  1.03141E+08  8.13522E+07  3.32881E+07  1.39701E+07  3.17953E+06 -1.06915E+06 -1.13346E+05
 -9.38745E+04 -9.52747E+05  2.89509E+06  1.19331E+07  2.60533E+07  5.85319E+07  7.07222E+07  9.18617E+07  8.31801E+07  8.42249E+07  7.75526E+07  8.36124E+07  8.22804E+07  8.99896E+07  6.96832E+07  5.84976E+07  2.62336E+07  1.19404E+07  2.80291E+06 -9.93111E+05 -9.39929E+04
 -7.21506E+04 -9.13093E+05  2.11214E+06  8.70072E+06  1.71969E+07  3.41740E+07  3.99856E+07  5.13967E+07  4.70853E+07  4.74153E+07  4.37502E+07  4.70445E+07  4.63768E+07  5.01265E+07  3.94115E+07  3.41434E+07  1.74069E+07  8.80755E+06  2.07678E+06 -9.44332E+05 -7.22316E+04
 -7.42418E+04 -1.72487E+06  1.68107E+06  8.57936E+06  1.56163E+07  2.74402E+07  3.18098E+07  3.97966E+07  3.65412E+07  3.63661E+07  3.35768E+07  3.60507E+07  3.56045E+07  3.84036E+07  3.13187E+07  2.73655E+07  1.58158E+07  8.75566E+06  1.67452E+06 -1.76733E+06 -7.42216E+04
  1.45720E+05 -2.36593E+06 -1.16497E+06  2.98436E+06  6.52421E+06  1.07158E+07  1.30993E+07  1.54668E+07  1.28209E+07  1.20679E+07  1.10610E+07  1.19266E+07  1.21838E+07  1.46683E+07  1.28796E+07  1.06354E+07  6.55100E+06  3.03812E+06 -1.18798E+06 -2.41597E+06  1.46059E+05
  6.95745E+05 -8.05320E+05 -2.39438E+06 -2.08601E+06 -1.29762E+06 -1.20741E+06 -1.91698E+06 -5.46273E+06 -6.44497E+06 -6.87934E+06 -6.15675E+06 -6.85850E+06 -6.57396E+06 -5.62890E+06 -1.96296E+06 -1.23214E+06 -1.30967E+06 -2.09300E+06 -2.40756E+06 -8.20957E+05  7.00911E+05
  4.62224E+05  6.84289E+05  1.08248E+05 -1.76847E+05 -2.20254E+05 -2.95034E+05 -4.62478E+05 -1.01399E+06 -1.02384E+06 -9.95245E+05 -8.68329E+05 -9.79568E+05 -1.01382E+06 -1.00506E+06 -4.56171E+05 -2.90295E+05 -2.16023E+05 -1.71789E+05  1.12627E+05  6.85217E+05  4.63413E+05

 -2.03436E+05  1.28001E+05  2.23002E+05  1.53784E+05  1.10937E+05  1.22489E+05  1.79171E+05  4.29648E+05  5.73925E+05  6.62412E+05  6.05627E+05  6.44767E+05  5.44803E+05  3.96243E+05  1.62627E+05  1.11828E+05  1.02899E+05  1.46152E+05  2.17501E+05  1.26280E+05 -2.03619E+05
  1.77579E+05  2.70147E+05 -3.51175E+05 -7.22810E+05 -6.92988E+05 -8.16903E+05 -1.12127E+06 -2.06600E+06 -1.90269E+06 -1.76476E+06 -1.55108E+06 -1.82337E+06 -2.00336E+06 -2.20646E+06 -1.19118E+06 -8.51868E+05 -7.08809E+05 -7.22162E+05 -3.34565E+05  2.85385E+05  1.81370E+05
  3.00168E+05 -2.03591E+05 -1.27371E+06 -1.60159E+06 -1.27414E+06 -1.28720E+06 -1.61561E+06 -3.20991E+06 -3.46014E+06 -3.44061E+06 -3.00927E+06 -3.45968E+06 -3.53381E+06 -3.40515E+06 -1.71115E+06 -1.30482E+06 -1.25159E+06 -1.53815E+06 -1.19545E+06 -1.55086E+05  3.09925E+05
  2.04497E+05 -3.28579E+05 -1.11407E+06 -1.14150E+06 -6.23163E+05 -2.40305E+05 -7.46452E+04 -7.82141E+05 -1.42616E+06 -1.46370E+06 -1.17366E+06 -1.41615E+06 -1.41366E+06 -9.21725E+05 -1.59941E+05 -2.50470E+05 -6.03851E+05 -1.09751E+06 -1.06733E+06 -3.01657E+05  2.10256E+05
  1.20241E+05 -1.97542E+05 -5.95229E+05 -4.61584E+05  1.25119E+04  5.41112E+05  9.18468E+05  9.23952E+05  3.29530E+05  3.18957E+05  4.24570E+05  3.70576E+05  3.75342E+05  8.69852E+05  8.59630E+05  5.28181E+05  1.60220E+04 -4.48003E+05 -5.80164E+05 -1.87292E+05  1.22956E+05
  1.34259E+05 -2.09470E+05 -6.07348E+05 -3.73683E+05  2.53043E+05  1.01774E+06  1.54783E+06  1.70778E+06  9.80547E+05  9.94469E+05  1.07812E+06  1.06032E+06  1.05530E+06  1.69521E+06  1.48682E+06  1.00380E+06  2.50315E+05 -3.71937E+05 -6.02507E+05 -2.02725E+05  1.36746E+05
  1.50131E+05 -2.11809E+05 -6.23579E+05 -3.58765E+05  2.98047E+05  1.07598E+06  1.56187E+06  1.57545E+06  8.82635E+05  9.30010E+05  1.03993E+06  9.98046E+05  9.85741E+05  1.64348E+06  1.52272E+06  1.07468E+06  2.92917E+05 -3.70187E+05 -6.31101E+05 -2.09349E+05  1.52307E+05
  1.67799E+05 -2.04750E+05 -6.46523E+05 -4.11019E+05  2.00656E+05  8.68554E+05  1.22437E+06  9.51294E+05  3.57079E+05  4.30244E+05  5.85514E+05  4.84804E+05  4.61546E+05  1.07838E+06  1.20434E+06  8.77099E+05  1.92092E+05 -4.36400E+05 -6.67094E+05 -2.06853E+05  1.69622E+05
  3.93220E+05 -3.69136E+05 -1.40929E+06 -1.18710E+06 -2.47061E+05  5.52762E+05  7.05693E+05 -9.19528E+05 -1.76153E+06 -1.59004E+06 -1.08569E+06 -1.54798E+06 -1.60583E+06 -5.64082E+05  7.30453E+05  5.71807E+05 -2.88030E+05 -1.28049E+06 -1.48636E+06 -3.85978E+05  3.95882E+05
  1.03102E+06 -4.92957E+05 -3.20176E+06 -3.58507E+06 -2.35790E+06 -1.91384E+06 -2.95547E+06 -9.03716E+06 -1.01638E+07 -9.97895E+06 -8.60682E+06 -1.02405E+07 -1.04471E+07 -8.95314E+06 -3.12759E+06 -2.06756E+06 -2.54701E+06 -3.83703E+06 -3.39854E+06 -5.45955E+05  1.03483E+06
  1.24791E+06 -9.33983E+05 -4.75619E+06 -5.56089E+06 -4.12936E+06 -4.07287E+06 -6.38648E+06 -1.65242E+07 -1.81819E+07 -1.78078E+07 -1.55371E+07 -1.82083E+07 -1.85163E+07 -1.66091E+07 -6.50288E+06 -4.14123E+06 -4.18842E+06 -5.62404E+06 -4.79508E+06 -9.20821E+05  1.25764E+06
  6.30198E+05 -1.09425E+06 -3.59828E+06 -3.87122E+06 -2.61683E+06 -2.37919E+06 -4.18812E+06 -1.21497E+07 -1.40927E+07 -1.39199E+07 -1.21979E+07 -1.43145E+07 -1.42484E+07 -1.20708E+07 -4.22441E+06 -2.28384E+06 -2.51643E+06 -3.78037E+06 -3.53907E+06 -1.06156E+06  6.35717E+05
  3.11129E+05 -7.07265E+05 -2.06822E+06 -2.09986E+06 -1.23047E+06 -8.63952E+05 -1.82699E+06 -6.45550E+06 -7.92998E+06 -7.89860E+06 -6.90129E+06 -8.09925E+06 -7.99090E+06 -6.34268E+06 -1.85318E+06 -7.55094E+05 -1.12341E+06 -2.01241E+06 -2.01760E+06 -6.85690E+05  3.13709E+05
  3.07710E+05 -8.06556E+05 -2.24326E+06 -2.22086E+06 -1.16560E+06 -5.50749E+05 -1.46573E+06 -6.38202E+06 -8.27690E+06 -8.32024E+06 -7.27727E+06 -8.53303E+06 -8.35354E+06 -6.20865E+06 -1.46426E+06 -3.79618E+05 -1.02689E+06 -2.11698E+06 -2.18368E+06 -7.82740E+05  3.10030E+05
  3.04577E+05 -8.91627E+05 -2.41328E+06 -2.39412E+06 -1.19192E+06 -3.21633E+05 -1.09744E+06 -6.15415E+06 -8.46778E+06 -8.59190E+06 -7.53593E+06 -8.82637E+06 -8.58250E+06 -5.94460E+06 -1.03369E+06 -6.94055E+04 -1.02212E+06 -2.27960E+06 -2.34838E+06 -8.66811E+05  3.06511E+05
  3.02187E+05 -9.58689E+05 -2.58348E+06 -2.69101E+06 -1.53028E+06 -6.68061E+05 -1.42831E+06 -6.72801E+06 -9.24625E+06 -9.43447E+06 -8.32611E+06 -9.67027E+06 -9.38017E+06 -6.52232E+06 -1.30930E+06 -3.60289E+05 -1.33726E+06 -2.56901E+06 -2.51522E+06 -9.33822E+05  3.03654E+05
  5.99549E+05 -2.06029E+06 -5.66049E+06 -6.49981E+06 -4.69815E+06 -3.83770E+06 -6.00982E+06 -1.78327E+07 -2.27223E+07 -2.32372E+07 -2.07449E+07 -2.35076E+07 -2.27164E+07 -1.74249E+07 -5.77833E+06 -3.33049E+06 -4.34844E+06 -6.25210E+06 -5.51640E+06 -2.01297E+06  6.00908E+05
  1.19804E+06 -4.12208E+06 -1.18128E+07 -1.48471E+07 -1.25709E+07 -1.31557E+07 -1.93954E+07 -4.43115E+07 -5.17595E+07 -5.32335E+07 -4.80444E+07 -5.28211E+07 -5.07314E+07 -4.38912E+07 -1.89328E+07 -1.24101E+07 -1.19621E+07 -1.43353E+07 -1.15231E+07 -4.04799E+06  1.19552E+06
  1.07823E+06 -4.25688E+06 -1.17064E+07 -1.46467E+07 -1.23286E+07 -1.27466E+07 -1.89191E+07 -4.37507E+07 -5.10991E+07 -5.31449E+07 -4.79250E+07 -5.26256E+07 -5.06277E+07 -4.47318E+07 -1.91780E+07 -1.26130E+07 -1.21165E+07 -1.44051E+07 -1.15339E+07 -4.18140E+06  1.08483E+06
  4.62589E+05 -2.16861E+06 -5.44729E+06 -6.08238E+06 -4.09090E+06 -2.77121E+06 -4.65068E+06 -1.59066E+07 -2.10930E+07 -2.26554E+07 -2.03225E+07 -2.26277E+07 -2.17595E+07 -1.75154E+07 -5.70980E+06 -3.48772E+06 -4.57697E+06 -6.42213E+06 -5.57664E+06 -2.16730E+06  4.68306E+05
  2.19104E+05 -1.00359E+06 -2.43804E+06 -2.44755E+06 -1.18582E+06 -2.20798E+04 -5.93693E+05 -5.48394E+06 -8.20497E+06 -8.97481E+06 -7.93760E+06 -8.90112E+06 -8.67268E+06 -6.38486E+06 -1.14699E+06 -3.83491E+05 -1.42619E+06 -2.62127E+06 -2.51311E+06 -1.00737E+06  2.22212E+05
  2.13567E+05 -9.24405E+05 -2.25135E+06 -2.17095E+06 -9.14133E+05  2.18638E+05 -3.97075E+05 -4.99527E+06 -7.43501E+06 -8.09561E+06 -7.11261E+06 -7.97579E+06 -7.84573E+06 -5.75619E+06 -8.42689E+05 -7.68159E+04 -1.10878E+06 -2.31756E+06 -2.32115E+06 -9.29539E+05  2.16721E+05
  2.10389E+05 -8.20471E+05 -2.05901E+06 -2.01209E+06 -9.61581E+05 -2.05274E+05 -1.03124E+06 -5.44620E+06 -7.34709E+06 -7.87961E+06 -6.93590E+06 -7.76312E+06 -7.68399E+06 -6.01470E+06 -1.34986E+06 -4.30616E+05 -1.10655E+06 -2.12495E+06 -2.11855E+06 -8.26103E+05  2.13479E+05
  2.08958E+05 -6.97287E+05 -1.85963E+06 -1.91687E+06 -1.14925E+06 -8.36684E+05 -1.78707E+06 -5.87518E+06 -7.22333E+06 -7.63381E+06 -6.74869E+06 -7.53431E+06 -7.48032E+06 -6.26391E+06 -1.99224E+06 -9.94321E+05 -1.25190E+06 -1.99960E+06 -1.90795E+06 -7.02942E+05  2.11889E+05
  4.16067E+05 -9.86143E+05 -3.07602E+06 -3.51629E+06 -2.66886E+06 -2.81248E+06 -4.63557E+06 -1.14003E+07 -1.28477E+07 -1.33442E+07 -1.18487E+07 -1.32026E+07 -1.31389E+07 -1.17574E+07 -4.80136E+06 -2.95983E+06 -2.77620E+06 -3.61342E+06 -3.14299E+06 -9.96599E+05  4.21254E+05
  8.07149E+05 -2.95453E+05 -2.96555E+06 -4.03074E+06 -3.55010E+06 -4.16228E+06 -6.18478E+06 -1.30851E+07 -1.37888E+07 -1.40684E+07 -1.25125E+07 -1.39294E+07 -1.39061E+07 -1.31653E+07 -6.20280E+06 -4.20619E+06 -3.59808E+06 -4.09091E+06 -3.02290E+06 -3.09741E+05  8.14323E+05
  9.01139E+05  1.29592E+06 -4.14192E+05 -1.57003E+06 -1.67328E+06 -2.12062E+06 -3.12916E+06 -6.20863E+06 -6.07535E+06 -5.95791E+06 -5.24931E+06 -5.87712E+06 -6.03712E+06 -6.14447E+06 -3.09326E+06 -2.10418E+06 -1.66615E+06 -1.56949E+06 -4.20497E+05  1.29722E+06  9.08054E+05
  1.38083E+05  9.00599E+05  8.38614E+05  5.06946E+05  3.24977E+05  3.19052E+05  4.08253E+05  8.41521E+05  1.03038E+06  1.14651E+06  1.05308E+06  1.15945E+06  1.04498E+06  8.59627E+05  4.16935E+05  3.24247E+05  3.28485E+05  5.09495E+05  8.38501E+05  8.98912E+05  1.37457E+05

 -5.43857E+05 -2.54149E+05  7.87636E+04  1.37744E+05  1.32374E+05  1.65791E+05  2.54611E+05  5.86288E+05  7.06089E+05  7.70266E+05  6.98566E+05  7.63136E+05  6.94096E+05  5.73260E+05  2.48222E+05  1.61524E+05  1.28967E+05  1.34195E+05  7.59710E+04 -2.54371E+05 -5.43240E+05
 -2.67506E+05  3.40605E+05  5.59492E+05  4.02108E+05  2.85994E+05  3.09301E+05  4.44250E+05  1.05703E+06  1.36505E+06  1.53778E+06  1.39771E+06  1.50999E+06  1.32096E+06  1.00868E+06  4.19950E+05  2.94787E+05  2.76376E+05  3.95040E+05  5.56739E+05  3.41888E+05 -2.65892E+05
  5.51564E+04  5.86114E+05  4.18640E+05  1.92445E+04 -1.36024E+05 -2.32980E+05 -3.47739E+05 -4.52880E+05 -1.07216E+05  1.01402E+05  1.15680E+05  6.09589E+04 -1.62889E+05 -5.11108E+05 -3.77409E+05 -2.44726E+05 -1.37427E+05  2.78730E+04  4.34399E+05  5.98732E+05  5.85536E+04
  9.19886E+04  3.83638E+05  1.03659E+05 -2.83394E+05 -4.09219E+05 -5.66250E+05 -8.32738E+05 -1.44007E+06 -1.19120E+06 -1.03858E+06 -9.16742E+05 -1.07571E+06 -1.23080E+06 -1.47242E+06 -8.51565E+05 -5.71149E+05 -4.06299E+05 -2.73158E+05  1.17169E+05  3.92995E+05  9.43568E+04
  6.43122E+04  2.22579E+05  3.58831E+04 -2.12215E+05 -2.96814E+05 -4.12182E+05 -6.10284E+05 -1.07269E+06 -9.21194E+05 -8.30264E+05 -7.38075E+05 -8.54616E+05 -9.41816E+05 -1.08257E+06 -6.18586E+05 -4.14177E+05 -2.95227E+05 -2.07404E+05  4.21741E+04  2.27211E+05  6.55864E+04
  7.74271E+04  2.48429E+05  3.74015E+04 -2.43141E+05 -3.42855E+05 -4.80688E+05 -7.16889E+05 -1.26814E+06 -1.09830E+06 -9.97702E+05 -8.88589E+05 -1.02550E+06 -1.11879E+06 -1.27046E+06 -7.22780E+05 -4.82244E+05 -3.41817E+05 -2.39645E+05  4.24911E+04  2.52710E+05  7.87346E+04
  9.11457E+04  2.79157E+05  5.16031E+04 -2.55541E+05 -3.69222E+05 -5.24240E+05 -7.88656E+05 -1.40173E+06 -1.21548E+06 -1.10659E+06 -9.86296E+05 -1.13701E+06 -1.23574E+06 -1.39509E+06 -7.90906E+05 -5.25318E+05 -3.69231E+05 -2.54149E+05  5.48382E+04  2.82825E+05  9.24597E+04
  1.05435E+05  3.14944E+05  7.94412E+04 -2.47282E+05 -3.72491E+05 -5.36626E+05 -8.14828E+05 -1.45419E+06 -1.25656E+06 -1.14140E+06 -1.01682E+06 -1.17335E+06 -1.27708E+06 -1.44000E+06 -8.13328E+05 -5.37221E+05 -3.73682E+05 -2.48324E+05  8.04542E+04  3.17817E+05  1.06733E+05
  2.55806E+05  7.53287E+05  2.83673E+05 -4.07072E+05 -6.81807E+05 -1.00843E+06 -1.55552E+06 -2.79384E+06 -2.38679E+06 -2.14492E+06 -1.90433E+06 -2.20939E+06 -2.43012E+06 -2.75434E+06 -1.54422E+06 -1.00877E+06 -6.87541E+05 -4.16123E+05  2.78925E+05  7.56437E+05  2.58344E+05
  6.99188E+05  2.05981E+06  1.22375E+06 -2.31189E+05 -8.57755E+05 -1.41735E+06 -2.28690E+06 -4.12439E+06 -3.35015E+06 -2.85517E+06 -2.51026E+06 -2.96901E+06 -3.44753E+06 -4.09879E+06 -2.29107E+06 -1.43647E+06 -8.84223E+05 -2.67128E+05  1.19600E+06  2.05800E+06  7.04195E+05
  9.43785E+05  2.62848E+06  1.55122E+06 -2.93661E+05 -1.07760E+06 -1.77446E+06 -2.86975E+06 -5.24707E+06 -4.40388E+06 -3.82227E+06 -3.35051E+06 -3.90895E+06 -4.48601E+06 -5.27061E+06 -2.88796E+06 -1.79045E+06 -1.09405E+06 -3.15879E+05  1.53194E+06  2.62913E+06  9.49115E+05
  5.47563E+05  1.39058E+06  5.32603E+05 -7.15909E+05 -1.20752E+06 -1.79016E+06 -2.79561E+06 -5.20836E+06 -4.75605E+06 -4.44695E+06 -3.96431E+06 -4.52145E+06 -4.82295E+06 -5.24283E+06 -2.81001E+06 -1.79627E+06 -1.21189E+06 -7.22624E+05  5.25452E+05  1.39029E+06  5.49653E+05
  2.87635E+05  6.95816E+05  1.74346E+05 -5.48133E+05 -8.30504E+05 -1.20553E+06 -1.86399E+06 -3.47176E+06 -3.23614E+06 -3.08598E+06 -2.76511E+06 -3.13393E+06 -3.28275E+06 -3.49926E+06 -1.87366E+06 -1.20822E+06 -8.31748E+05 -5.50650E+05  1.70954E+05  6.94945E+05  2.88400E+05
  2.95005E+05  6.93249E+05  1.15723E+05 -6.67900E+05 -9.75073E+05 -1.40517E+06 -2.16195E+06 -4.01700E+06 -3.77538E+06 -3.62842E+06 -3.25840E+06 -3.68489E+06 -3.83206E+06 -4.05297E+06 -2.17253E+06 -1.40745E+06 -9.76040E+05 -6.70469E+05  1.11968E+05  6.91618E+05  2.95534E+05
  3.00804E+05  6.90559E+05  6.79640E+04 -7.66217E+05 -1.09483E+06 -1.57097E+06 -2.40647E+06 -4.45407E+06 -4.20575E+06 -4.05932E+06 -3.65012E+06 -4.12390E+06 -4.27094E+06 -4.49964E+06 -2.41758E+06 -1.57299E+06 -1.09618E+06 -7.69737E+05  6.31448E+04  6.87845E+05  3.01048E+05
  3.05064E+05  6.89133E+05  3.62235E+04 -8.32722E+05 -1.17545E+06 -1.68061E+06 -2.56246E+06 -4.71631E+06 -4.45721E+06 -4.30478E+06 -3.87221E+06 -4.37547E+06 -4.52662E+06 -4.77108E+06 -2.57421E+06 -1.68281E+06 -1.17765E+06 -8.37725E+05  2.98460E+04  6.85113E+05  3.04991E+05
  6.17834E+05  1.38055E+06  3.55187E+04 -1.74594E+06 -2.43833E+06 -3.46390E+06 -5.24831E+06 -9.57465E+06 -9.00967E+06 -8.66584E+06 -7.78960E+06 -8.81683E+06 -9.14573E+06 -9.70542E+06 -5.27751E+06 -3.47361E+06 -2.44713E+06 -1.76102E+06  1.71511E+04  1.36819E+06  6.16698E+05
  1.22932E+06  2.80279E+06  2.82785E+05 -3.11190E+06 -4.40279E+06 -6.22936E+06 -9.33368E+06 -1.65773E+07 -1.51094E+07 -1.42423E+07 -1.27515E+07 -1.44906E+07 -1.53299E+07 -1.68569E+07 -9.41835E+06 -6.27427E+06 -4.44143E+06 -3.16491E+06  2.22668E+05  2.76385E+06  1.22379E+06
  1.13320E+06  2.53388E+06 -6.10392E+04 -3.48994E+06 -4.77501E+06 -6.70054E+06 -1.00079E+07 -1.78598E+07 -1.62883E+07 -1.54287E+07 -1.37017E+07 -1.54968E+07 -1.64076E+07 -1.80301E+07 -1.00809E+07 -6.73468E+06 -4.79412E+06 -3.50763E+06 -7.87670E+04  2.52612E+06  1.13212E+06
  5.01047E+05  1.06211E+06 -3.55072E+05 -2.15933E+06 -2.83983E+06 -3.96811E+06 -5.95806E+06 -1.08674E+07 -1.01767E+07 -9.86589E+06 -8.75376E+06 -9.81557E+06 -1.02099E+07 -1.09104E+07 -5.99494E+06 -3.99207E+06 -2.85255E+06 -2.16343E+06 -3.49737E+05  1.07252E+06  5.03342E+05
  2.31287E+05  4.96215E+05 -1.81259E+05 -1.04303E+06 -1.37171E+06 -1.92212E+06 -2.89295E+06 -5.29599E+06 -4.98314E+06 -4.85678E+06 -4.30448E+06 -4.80908E+06 -4.98525E+06 -5.30002E+06 -2.90346E+06 -1.93177E+06 -1.37790E+06 -1.04562E+06 -1.78398E+05  5.02682E+05  2.32819E+05
  2.17580E+05  4.80119E+05 -1.52020E+05 -9.58197E+05 -1.26247E+06 -1.76872E+06 -2.66581E+06 -4.89064E+06 -4.60273E+06 -4.48643E+06 -3.97128E+06 -4.42982E+06 -4.59191E+06 -4.88149E+06 -2.67008E+06 -1.77622E+06 -1.26809E+06 -9.61015E+05 -1.49550E+05  4.86759E+05  2.19247E+05
  2.03100E+05  4.69543E+05 -9.65654E+04 -8.24804E+05 -1.09357E+06 -1.53022E+06 -2.30845E+06 -4.23852E+06 -3.97423E+06 -3.86130E+06 -3.41205E+06 -3.80409E+06 -3.95376E+06 -4.21777E+06 -2.30700E+06 -1.53549E+06 -1.09847E+06 -8.27798E+05 -9.48629E+04  4.75825E+05  2.04800E+05
  1.87834E+05  4.62525E+05 -2.25273E+04 -6.58810E+05 -8.87676E+05 -1.24190E+06 -1.87534E+06 -3.44151E+06 -3.20114E+06 -3.08935E+06 -2.72293E+06 -3.03720E+06 -3.17487E+06 -3.41246E+06 -1.86908E+06 -1.24436E+06 -8.91216E+05 -6.61533E+05 -2.16136E+04  4.68102E+05  1.89481E+05
  3.27139E+05  9.06929E+05  2.06352E+05 -7.75256E+05 -1.12182E+06 -1.58584E+06 -2.40432E+06 -4.38992E+06 -3.98256E+06 -3.76403E+06 -3.29341E+06 -3.68509E+06 -3.92463E+06 -4.31980E+06 -2.38251E+06 -1.58277E+06 -1.12410E+06 -7.78768E+05  2.06532E+05  9.15573E+05  3.30085E+05
  4.40897E+05  1.64778E+06  1.19549E+06  1.37623E+05 -3.19259E+05 -6.21631E+05 -1.02406E+06 -1.68323E+06 -1.10266E+06 -7.61327E+05 -5.86210E+05 -6.91135E+05 -1.02675E+06 -1.58144E+06 -9.85158E+05 -6.06868E+05 -3.14553E+05  1.36876E+05  1.19341E+06  1.65592E+06  4.44761E+05
  2.33734E+04  1.41055E+06  1.68811E+06  1.11792E+06  7.32153E+05  7.25904E+05  9.44258E+05  2.02728E+06  2.46671E+06  2.71682E+06  2.48360E+06  2.74105E+06  2.50008E+06  2.07398E+06  9.63476E+05  7.35181E+05  7.36679E+05  1.11904E+06  1.68547E+06  1.41292E+06  2.53607E+04
 -5.96836E+05  2.99809E+03  4.87785E+05  4.67405E+05  3.79497E+05  4.30861E+05  6.06911E+05  1.26751E+06  1.41728E+06  1.49335E+06  1.34761E+06  1.49379E+06  1.41772E+06  1.26844E+06  6.06554E+05  4.29975E+05  3.78146E+05  4.64826E+05  4.83433E+05 -9.28276E+02 -5.99059E+05

 -6.08128E+05 -5.64597E+05 -2.77734E+05 -1.48004E+05 -8.85683E+04 -8.00613E+04 -8.84727E+04 -1.31261E+05 -1.09605E+05 -9.99466E+04 -8.70226E+04 -1.01983E+05 -1.13265E+05 -1.35341E+05 -9.04198E+04 -8.13578E+04 -8.96010E+04 -1.49049E+05 -2.78329E+05 -5.63747E+05 -6.07023E+05
 -6.06217E+05 -3.95302E+05 -1.26144E+04  1.03429E+05  1.20273E+05  1.61159E+05  2.55537E+05  5.87615E+05  6.84564E+05  7.27586E+05  6.55689E+05  7.23567E+05  6.76939E+05  5.78986E+05  2.51416E+05  1.58502E+05  1.18256E+05  1.01549E+05 -1.35119E+04 -3.94103E+05 -6.04374E+05
 -3.39491E+05 -5.74474E+04  2.54500E+05  3.03840E+05  2.68988E+05  3.21181E+05  4.70643E+05  1.01122E+06  1.13545E+06  1.18773E+06  1.06589E+06  1.18415E+06  1.12952E+06  1.00574E+06  4.68520E+05  3.20288E+05  2.68776E+05  3.04362E+05  2.55981E+05 -5.53042E+04 -3.37714E+05
 -1.71647E+05  2.91193E+04  2.20324E+05  2.37568E+05  2.02820E+05  2.37292E+05  3.42708E+05  7.28451E+05  8.12998E+05  8.47275E+05  7.58877E+05  8.44012E+05  8.09018E+05  7.26328E+05  3.42355E+05  2.37547E+05  2.03437E+05  2.38724E+05  2.21828E+05  3.04943E+04 -1.70604E+05
 -8.57209E+04  3.00817E+04  1.34299E+05  1.40179E+05  1.17869E+05  1.36551E+05  1.95805E+05  4.14431E+05  4.61776E+05  4.80788E+05  4.30303E+05  4.78636E+05  4.59535E+05  4.13727E+05  1.95867E+05  1.36832E+05  1.18285E+05  1.40841E+05  1.35076E+05  3.07455E+04 -8.51752E+04
 -8.54388E+04  4.07539E+04  1.50856E+05  1.54819E+05  1.29097E+05  1.48677E+05  2.12160E+05  4.47477E+05  4.97777E+05  5.17914E+05  4.63380E+05  5.15443E+05  4.95398E+05  4.47055E+05  2.12390E+05  1.49031E+05  1.29534E+05  1.55462E+05  1.51574E+05  4.13638E+04 -8.48812E+04
 -8.50931E+04  5.13703E+04  1.67473E+05  1.69604E+05  1.40522E+05  1.61052E+05  2.28774E+05  4.80545E+05  5.33339E+05  5.54469E+05  4.95999E+05  5.51726E+05  5.30814E+05  4.80340E+05  2.29134E+05  1.61432E+05  1.40928E+05  1.70159E+05  1.68067E+05  5.18933E+04 -8.45272E+04
 -8.46906E+04  6.18976E+04  1.84155E+05  1.84608E+05  1.52270E+05  1.73895E+05  2.46034E+05  5.14416E+05  5.69212E+05  5.91195E+05  5.28833E+05  5.88251E+05  5.66517E+05  5.14289E+05  2.46450E+05  1.74247E+05  1.52595E+05  1.85012E+05  1.84561E+05  6.23029E+04 -8.41194E+04
 -1.67635E+05  1.55927E+05  4.19799E+05  4.16156E+05  3.41935E+05  3.89227E+05  5.48078E+05  1.13745E+06  1.25144E+06  1.29739E+06  1.16061E+06  1.29124E+06  1.24551E+06  1.13680E+06  5.48763E+05  3.89680E+05  3.42227E+05  4.16381E+05  4.19901E+05  1.56329E+05 -1.66470E+05
 -3.25079E+05  4.42563E+05  1.05185E+06  1.02861E+06  8.42502E+05  9.56299E+05  1.33876E+06  2.74450E+06  2.98541E+06  3.08268E+06  2.75751E+06  3.07122E+06  2.97128E+06  2.73688E+06  1.33611E+06  9.54067E+05  8.40153E+05  1.02528E+06  1.04806E+06  4.41512E+05 -3.22579E+05
 -3.00574E+05  6.53149E+05  1.39068E+06  1.34738E+06  1.10022E+06  1.24592E+06  1.73877E+06  3.54577E+06  3.83679E+06  3.95042E+06  3.53227E+06  3.94183E+06  3.82151E+06  3.52869E+06  1.72892E+06  1.23801E+06  1.09271E+06  1.33769E+06  1.38077E+06  6.49761E+05 -2.97764E+05
 -1.37366E+05  4.16866E+05  8.41242E+05  8.14831E+05  6.65030E+05  7.53118E+05  1.05261E+06  2.15548E+06  2.33834E+06  2.40463E+06  2.14783E+06  2.39998E+06  2.32877E+06  2.14254E+06  1.04462E+06  7.46634E+05  6.58941E+05  8.07201E+05  8.33895E+05  4.14473E+05 -1.35823E+05
 -6.62055E+04  2.26100E+05  4.50219E+05  4.36930E+05  3.56867E+05  4.04524E+05  5.66643E+05  1.16536E+06  1.26676E+06  1.30172E+06  1.16194E+06  1.29902E+06  1.26093E+06  1.15704E+06  5.61475E+05  4.00325E+05  3.52956E+05  4.32121E+05  4.45728E+05  2.24628E+05 -6.54186E+04
 -6.50074E+04  2.35522E+05  4.66767E+05  4.53968E+05  3.71218E+05  4.21308E+05  5.91387E+05  1.22033E+06  1.32823E+06  1.36434E+06  1.21741E+06  1.36130E+06  1.32156E+06  1.21057E+06  5.85354E+05  4.16419E+05  3.66689E+05  4.48456E+05  4.61692E+05  2.33834E+05 -6.42199E+04
 -6.42407E+04  2.42639E+05  4.80219E+05  4.68419E+05  3.83748E+05  4.36301E+05  6.13942E+05  1.27113E+06  1.38503E+06  1.42229E+06  1.26884E+06  1.41887E+06  1.37749E+06  1.25981E+06  6.06982E+05  4.30683E+05  3.78566E+05  4.62160E+05  4.74508E+05  2.40691E+05 -6.34671E+04
 -6.39278E+04  2.47353E+05  4.90418E+05  4.80119E+05  3.94343E+05  4.49383E+05  6.34066E+05  1.31688E+06  1.43617E+06  1.47467E+06  1.31551E+06  1.47086E+06  1.42778E+06  1.30402E+06  6.26191E+05  4.43056E+05  3.88521E+05  4.73117E+05  4.84055E+05  2.45114E+05 -6.31822E+04
 -1.28616E+05  5.01192E+05  1.00107E+06  9.86366E+05  8.14047E+05  9.31463E+05  1.31957E+06  2.75100E+06  3.00352E+06  3.08501E+06  2.75247E+06  3.07603E+06  2.98445E+06  2.72136E+06  1.30145E+06  9.17018E+05  8.00786E+05  9.70437E+05  9.86567E+05  4.95838E+05 -1.27246E+05
 -2.71164E+05  9.75295E+05  2.00203E+06  1.99563E+06  1.66026E+06  1.91168E+06  2.72328E+06  5.70499E+06  6.24737E+06  6.43045E+06  5.74176E+06  6.40889E+06  6.20454E+06  5.64106E+06  2.68263E+06  1.87913E+06  1.63027E+06  1.95936E+06  1.96839E+06  9.61715E+05 -2.69145E+05
 -2.89744E+05  8.88389E+05  1.88149E+06  1.87875E+06  1.56017E+06  1.79446E+06  2.55750E+06  5.37732E+06  5.91680E+06  6.11130E+06  5.46893E+06  6.10603E+06  5.89866E+06  5.34560E+06  2.53313E+06  1.77372E+06  1.54035E+06  1.85366E+06  1.85653E+06  8.77837E+05 -2.88308E+05
 -1.51033E+05  3.92713E+05  8.49001E+05  8.39355E+05  6.88936E+05  7.85938E+05  1.11563E+06  2.35288E+06  2.60254E+06  2.69491E+06  2.41583E+06  2.70158E+06  2.60798E+06  2.35518E+06  1.11341E+06  7.82802E+05  6.85195E+05  8.33589E+05  8.42081E+05  3.89796E+05 -1.50376E+05
 -7.82215E+04  1.77189E+05  3.92324E+05  3.86714E+05  3.15924E+05  3.59047E+05  5.08419E+05  1.07233E+06  1.18787E+06  1.23125E+06  1.10461E+06  1.23622E+06  1.19332E+06  1.07661E+06  5.08905E+05  3.58516E+05  3.14874E+05  3.84716E+05  3.89617E+05  1.76046E+05 -7.79353E+04
 -8.04910E+04  1.62130E+05  3.68049E+05  3.62979E+05  2.96268E+05  3.36350E+05  4.75625E+05  1.00171E+06  1.10946E+06  1.15056E+06  1.03267E+06  1.15604E+06  1.11604E+06  1.00724E+06  4.76747E+05  3.36232E+05  2.95550E+05  3.61359E+05  3.65680E+05  1.61116E+05 -8.02414E+04
 -8.30688E+04  1.45141E+05  3.41355E+05  3.37699E+05  2.75983E+05  3.13441E+05  4.42797E+05  9.30125E+05  1.02891E+06  1.06732E+06  9.58246E+05  1.07274E+06  1.03586E+06  9.36109E+05  4.44188E+05  3.13508E+05  2.75426E+05  3.36287E+05  3.39189E+05  1.44190E+05 -8.28605E+04
 -8.59083E+04  1.26412E+05  3.12416E+05  3.10849E+05  2.54844E+05  2.89895E+05  4.09309E+05  8.56800E+05  9.45790E+05  9.81133E+05  8.81004E+05  9.86033E+05  9.52443E+05  8.62577E+05  4.10690E+05  2.89997E+05  2.54344E+05  3.09542E+05  3.10369E+05  1.25476E+05 -8.57439E+04
 -1.81045E+05  1.91780E+05  5.31348E+05  5.35840E+05  4.42469E+05  5.05208E+05  7.13267E+05  1.48472E+06  1.63226E+06  1.69275E+06  1.52002E+06  1.70003E+06  1.64303E+06  1.49405E+06  7.15364E+05  5.05205E+05  4.41453E+05  5.33405E+05  5.27550E+05  1.89914E+05 -1.80844E+05
 -3.98672E+05  1.22038E+05  6.56578E+05  6.92887E+05  5.81863E+05  6.69771E+05  9.47693E+05  1.96101E+06  2.14248E+06  2.21955E+06  1.99217E+06  2.22409E+06  2.15041E+06  1.96731E+06  9.47968E+05  6.68290E+05  5.79381E+05  6.88405E+05  6.50147E+05  1.18423E+05 -3.98687E+05
 -8.43138E+05 -4.83952E+05  1.36304E+05  2.83376E+05  2.72008E+05  3.32644E+05  4.89323E+05  1.03729E+06  1.13431E+06  1.17270E+06  1.05182E+06  1.17127E+06  1.13247E+06  1.03381E+06  4.86102E+05  3.29508E+05  2.68619E+05  2.78329E+05  1.29525E+05 -4.88640E+05 -8.43797E+05
 -9.43240E+05 -8.89340E+05 -4.27220E+05 -2.24870E+05 -1.35046E+05 -1.23658E+05 -1.40572E+05 -2.24198E+05 -2.06844E+05 -1.99873E+05 -1.75364E+05 -2.00727E+05 -2.08329E+05 -2.26362E+05 -1.42020E+05 -1.24905E+05 -1.36326E+05 -2.26764E+05 -4.30010E+05 -8.92641E+05 -9.45032E+05

 -5.83989E+05 -7.15948E+05 -4.75585E+05 -3.17865E+05 -2.24072E+05 -2.33077E+05 -3.03082E+05 -5.75075E+05 -6.05018E+05 -6.24142E+05 -5.60452E+05 -6.25340E+05 -6.07046E+05 -5.77177E+05 -3.03986E+05 -2.33623E+05 -2.24449E+05 -3.18122E+05 -4.75347E+05 -7.14518E+05 -5.82851E+05
 -7.56298E+05 -8.77850E+05 -5.44488E+05 -3.40915E+05 -2.30028E+05 -2.31544E+05 -2.91726E+05 -5.35530E+05 -5.54179E+05 -5.70351E+05 -5.12701E+05 -5.73260E+05 -5.59325E+05 -5.41093E+05 -2.94272E+05 -2.33186E+05 -2.31291E+05 -3.42118E+05 -5.45014E+05 -8.76753E+05 -7.54896E+05
 -5.45046E+05 -6.00078E+05 -3.35520E+05 -1.84730E+05 -1.12601E+05 -1.04212E+05 -1.20593E+05 -2.03811E+05 -2.06687E+05 -2.16154E+05 -1.96170E+05 -2.18500E+05 -2.10788E+05 -2.07954E+05 -1.22285E+05 -1.05204E+05 -1.13282E+05 -1.85240E+05 -3.35423E+05 -5.98818E+05 -5.43444E+05
 -3.16313E+05 -3.38602E+05 -1.76340E+05 -8.68641E+04 -4.74174E+04 -3.93509E+04 -4.00177E+04 -5.89992E+04 -5.92367E+04 -6.49921E+04 -6.02379E+04 -6.64250E+04 -6.16246E+04 -6.12400E+04 -4.08476E+04 -3.98066E+04 -4.77127E+04 -8.70738E+04 -1.76303E+05 -3.38011E+05 -3.15323E+05
 -1.69141E+05 -1.79229E+05 -9.08498E+04 -4.26735E+04 -2.20665E+04 -1.72194E+04 -1.60867E+04 -2.14204E+04 -2.16841E+04 -2.49822E+04 -2.35835E+04 -2.57832E+04 -2.29793E+04 -2.26093E+04 -1.65218E+04 -1.74612E+04 -2.22301E+04 -4.28098E+04 -9.08950E+04 -1.78994E+05 -1.68607E+05
 -1.76399E+05 -1.85978E+05 -9.30289E+04 -4.26707E+04 -2.14557E+04 -1.61901E+04 -1.43899E+04 -1.79944E+04 -1.85504E+04 -2.22049E+04 -2.12303E+04 -2.30727E+04 -1.99289E+04 -1.92545E+04 -1.48569E+04 -1.64570E+04 -2.16458E+04 -4.28493E+04 -9.31424E+04 -1.85800E+05 -1.75840E+05
 -1.83635E+05 -1.92944E+05 -9.56886E+04 -4.32455E+04 -2.13868E+04 -1.58285E+04 -1.36804E+04 -1.66154E+04 -1.76266E+04 -2.16992E+04 -2.09139E+04 -2.26422E+04 -1.91071E+04 -1.79772E+04 -1.41998E+04 -1.61370E+04 -2.16183E+04 -4.34852E+04 -9.58899E+04 -1.92835E+05 -1.83052E+05
 -1.90823E+05 -2.00120E+05 -9.88512E+04 -4.44281E+04 -2.18868E+04 -1.61650E+04 -1.39962E+04 -1.73446E+04 -1.89700E+04 -2.35253E+04 -2.26904E+04 -2.45521E+04 -2.05757E+04 -1.88459E+04 -1.45921E+04 -1.65332E+04 -2.21761E+04 -4.47484E+04 -9.91593E+04 -2.00090E+05 -1.90216E+05
 -4.02691E+05 -4.22054E+05 -2.08570E+05 -9.41999E+04 -4.69888E+04 -3.54606E+04 -3.20735E+04 -4.33797E+04 -4.90597E+04 -5.99177E+04 -5.73825E+04 -6.22506E+04 -5.27384E+04 -4.69462E+04 -3.35822E+04 -3.64410E+04 -4.77957E+04 -9.51436E+04 -2.09559E+05 -4.22239E+05 -4.01401E+05
 -8.85085E+05 -9.31638E+05 -4.66658E+05 -2.17331E+05 -1.13859E+05 -9.20108E+04 -9.31171E+04 -1.48336E+05 -1.72942E+05 -2.03751E+05 -1.92288E+05 -2.09581E+05 -1.82660E+05 -1.58653E+05 -9.80081E+04 -9.54091E+04 -1.16788E+05 -2.20868E+05 -4.70417E+05 -9.32937E+05 -8.82110E+05
 -9.79215E+05 -1.03307E+06 -5.11599E+05 -2.30044E+05 -1.16287E+05 -9.09241E+04 -8.96453E+04 -1.47348E+05 -1.89014E+05 -2.34143E+05 -2.23732E+05 -2.40661E+05 -2.00914E+05 -1.61678E+05 -9.72924E+04 -9.65445E+04 -1.21275E+05 -2.36117E+05 -5.17816E+05 -1.03515E+06 -9.75464E+05
 -5.17311E+05 -5.43707E+05 -2.58450E+05 -1.02906E+05 -4.32026E+04 -2.55605E+04 -1.48478E+04 -1.47034E+04 -3.89602E+04 -6.67944E+04 -6.87261E+04 -6.97762E+04 -4.49912E+04 -2.27184E+04 -1.94057E+04 -2.90021E+04 -4.62944E+04 -1.06677E+05 -2.62205E+05 -5.44715E+05 -5.15060E+05
 -2.64284E+05 -2.77943E+05 -1.30044E+05 -4.85284E+04 -1.77976E+04 -7.56645E+03  6.11731E+02  8.82212E+03 -4.03100E+03 -1.93097E+04 -2.22025E+04 -2.06586E+04 -7.01826E+03  4.58785E+03 -1.87876E+03 -9.47322E+03 -1.95214E+04 -5.06325E+04 -1.32111E+05 -2.78436E+05 -2.63063E+05
 -2.67587E+05 -2.81914E+05 -1.31066E+05 -4.71958E+04 -1.57981E+04 -4.69358E+03  5.17298E+03  1.82012E+04  4.91452E+03 -1.12486E+04 -1.52607E+04 -1.24803E+04  1.95384E+03  1.38028E+04  2.53172E+03 -6.73182E+03 -1.76472E+04 -4.94533E+04 -1.33264E+05 -2.82401E+05 -2.66305E+05
 -2.70490E+05 -2.85848E+05 -1.32664E+05 -4.66607E+04 -1.45370E+04 -2.69782E+03  8.50707E+03  2.52582E+04  1.15524E+04 -5.44754E+03 -1.03101E+04 -6.55816E+03  8.61150E+03  2.06762E+04  5.70277E+03 -4.87670E+03 -1.65197E+04 -4.90817E+04 -1.35005E+05 -2.86337E+05 -2.69151E+05
 -2.72974E+05 -2.89733E+05 -1.34893E+05 -4.70487E+04 -1.41618E+04 -1.78255E+03  1.02922E+04  2.93175E+04  1.51955E+04 -2.56962E+03 -7.93696E+03 -3.56232E+03  1.22658E+04  2.45383E+04  7.31730E+03 -4.10742E+03 -1.62830E+04 -4.96392E+04 -1.37383E+05 -2.90234E+05 -2.71587E+05
 -5.52071E+05 -5.90880E+05 -2.78404E+05 -9.83329E+04 -3.02493E+04 -4.62222E+03  2.03971E+04  5.99812E+04  3.06538E+04 -6.75141E+03 -1.77731E+04 -8.42762E+03  2.48093E+04  4.98435E+04  1.39521E+04 -9.69203E+03 -3.48883E+04 -1.03998E+05 -2.83807E+05 -5.91930E+05 -5.49173E+05
 -1.11766E+06 -1.22135E+06 -5.99359E+05 -2.30579E+05 -8.62315E+04 -3.68381E+04  4.68419E+03  5.33272E+04 -9.01799E+03 -8.74971E+04 -1.02355E+05 -9.01881E+04 -2.06577E+04  3.13577E+04 -9.74010E+03 -4.83005E+04 -9.67692E+04 -2.43462E+05 -6.11580E+05 -1.22380E+06 -1.11161E+06
 -1.09796E+06 -1.22172E+06 -6.18790E+05 -2.53089E+05 -1.06073E+05 -6.02373E+04 -2.86819E+04 -1.33876E+04 -7.73666E+04 -1.53221E+05 -1.59109E+05 -1.53793E+05 -8.56735E+04 -3.29335E+04 -4.22257E+04 -7.12681E+04 -1.16410E+05 -2.66026E+05 -6.31546E+05 -1.22501E+06 -1.09237E+06
 -5.27014E+05 -5.89866E+05 -3.01713E+05 -1.25964E+05 -5.46960E+04 -3.34149E+04 -2.04742E+04 -2.10775E+04 -5.18947E+04 -8.63289E+04 -8.67648E+04 -8.57867E+04 -5.40634E+04 -2.85300E+04 -2.60100E+04 -3.80714E+04 -5.91780E+04 -1.31766E+05 -3.07756E+05 -5.91814E+05 -5.24608E+05
 -2.56764E+05 -2.89010E+05 -1.50253E+05 -6.52842E+04 -3.02624E+04 -2.06951E+04 -1.64607E+04 -2.35263E+04 -3.85444E+04 -5.45663E+04 -5.30920E+04 -5.41704E+04 -3.91935E+04 -2.66080E+04 -1.88618E+04 -2.27559E+04 -3.22762E+04 -6.79374E+04 -1.53097E+05 -2.90022E+05 -2.55671E+05
 -2.51906E+05 -2.85020E+05 -1.50577E+05 -6.79301E+04 -3.32914E+04 -2.46945E+04 -2.25512E+04 -3.59757E+04 -5.06979E+04 -6.58526E+04 -6.28367E+04 -6.54166E+04 -5.11163E+04 -3.86416E+04 -2.46998E+04 -2.65637E+04 -3.51360E+04 -7.03888E+04 -1.53264E+05 -2.86036E+05 -2.50889E+05
 -2.46670E+05 -2.80885E+05 -1.51408E+05 -7.13963E+04 -3.71259E+04 -2.96878E+04 -3.00803E+04 -5.12489E+04 -6.57075E+04 -7.99890E+04 -7.51283E+04 -7.95557E+04 -6.59653E+04 -5.35437E+04 -3.19872E+04 -3.13666E+04 -3.87972E+04 -7.36477E+04 -1.53915E+05 -2.81887E+05 -2.45725E+05
 -2.41076E+05 -2.76586E+05 -1.52633E+05 -7.55043E+04 -4.15804E+04 -3.54347E+04 -3.86849E+04 -6.86087E+04 -8.28278E+04 -9.62448E+04 -8.93183E+04 -9.58482E+04 -8.29876E+04 -7.05772E+04 -4.03615E+04 -3.69254E+04 -4.30759E+04 -7.75386E+04 -1.54941E+05 -2.77556E+05 -2.40203E+05
 -4.64299E+05 -5.39599E+05 -3.09662E+05 -1.64583E+05 -9.76902E+04 -8.94747E+04 -1.05055E+05 -1.92777E+05 -2.20488E+05 -2.44804E+05 -2.24405E+05 -2.44178E+05 -2.20668E+05 -1.95869E+05 -1.07759E+05 -9.19066E+04 -1.00153E+05 -1.67977E+05 -3.13615E+05 -5.41380E+05 -4.62757E+05
 -8.48509E+05 -1.01373E+06 -6.29127E+05 -3.76565E+05 -2.47106E+05 -2.45325E+05 -3.08776E+05 -5.83165E+05 -6.35505E+05 -6.74967E+05 -6.10876E+05 -6.74373E+05 -6.35774E+05 -5.86780E+05 -3.11990E+05 -2.48258E+05 -2.50124E+05 -3.80820E+05 -6.34336E+05 -1.01636E+06 -8.46134E+05
 -1.30978E+06 -1.59708E+06 -1.05958E+06 -6.93365E+05 -4.82743E+05 -4.98602E+05 -6.45913E+05 -1.22869E+06 -1.30254E+06 -1.34903E+06 -1.21119E+06 -1.34845E+06 -1.30220E+06 -1.23019E+06 -6.47506E+05 -5.00169E+05 -4.84453E+05 -6.95956E+05 -1.06315E+06 -1.59932E+06 -1.30718E+06
 -1.10705E+06 -1.35791E+06 -9.17136E+05 -6.17361E+05 -4.36862E+05 -4.55559E+05 -5.93616E+05 -1.12804E+06 -1.18320E+06 -1.21485E+06 -1.08773E+06 -1.21442E+06 -1.18261E+06 -1.12779E+06 -5.93719E+05 -4.55776E+05 -4.37187E+05 -6.18012E+05 -9.18445E+05 -1.35996E+06 -1.10690E+06

  1.93379E+05  9.01777E+04  1.24892E+04 -5.67106E+03 -9.47968E+03 -1.40056E+04 -2.36609E+04 -5.83724E+04 -7.45044E+04 -8.45917E+04 -7.80476E+04 -8.44806E+04 -7.42625E+04 -5.79979E+04 -2.34037E+04 -1.37839E+04 -9.25042E+03 -5.32683E+03  1.30146E+04  9.08213E+04  1.93129E+05
  9.82476E+04 -4.86414E+04 -8.67925E+04 -7.47231E+04 -5.92687E+04 -6.66292E+04 -9.31445E+04 -1.92545E+05 -2.17457E+05 -2.32882E+05 -2.11470E+05 -2.33172E+05 -2.17915E+05 -1.92985E+05 -9.33335E+04 -6.67475E+04 -5.93590E+04 -7.48134E+04 -8.68661E+04 -4.87708E+04  9.75108E+04
  1.09297E+04 -9.48932E+04 -1.02774E+05 -8.13551E+04 -6.23779E+04 -6.86768E+04 -9.42341E+04 -1.90642E+05 -2.11456E+05 -2.24236E+05 -2.03044E+05 -2.24601E+05 -2.12038E+05 -1.91207E+05 -9.44797E+04 -6.88314E+04 -6.24960E+04 -8.14711E+04 -1.02849E+05 -9.48814E+04  1.07461E+04
 -8.11250E+03 -7.00137E+04 -7.00403E+04 -5.44343E+04 -4.14075E+04 -4.53607E+04 -6.19566E+04 -1.24662E+05 -1.37610E+05 -1.45524E+05 -1.31660E+05 -1.45762E+05 -1.37987E+05 -1.25023E+05 -6.21120E+04 -4.54575E+04 -4.14804E+04 -5.45034E+04 -7.00762E+04 -6.99591E+04 -8.10475E+03
 -7.82659E+03 -4.11206E+04 -4.00644E+04 -3.09381E+04 -2.34690E+04 -2.56644E+04 -3.49979E+04 -7.02837E+04 -7.74494E+04 -8.18184E+04 -7.39982E+04 -8.19483E+04 -7.76544E+04 -7.04809E+04 -3.50825E+04 -2.57171E+04 -2.35084E+04 -3.09751E+04 -4.00813E+04 -4.10779E+04 -7.79108E+03
 -1.04486E+04 -4.53344E+04 -4.35457E+04 -3.35091E+04 -2.53810E+04 -2.77290E+04 -3.77806E+04 -7.57929E+04 -8.34393E+04 -8.80938E+04 -7.96577E+04 -8.82297E+04 -8.36538E+04 -7.59997E+04 -3.78696E+04 -2.77844E+04 -2.54225E+04 -3.35478E+04 -4.35621E+04 -4.52806E+04 -1.03897E+04
 -1.31399E+04 -4.96422E+04 -4.71107E+04 -3.61450E+04 -2.73430E+04 -2.98489E+04 -4.06394E+04 -8.14567E+04 -8.96002E+04 -9.45494E+04 -8.54793E+04 -9.46898E+04 -8.98223E+04 -8.16718E+04 -4.07323E+04 -2.99068E+04 -2.73865E+04 -3.61854E+04 -4.71262E+04 -4.95759E+04 -1.30554E+04
 -1.58853E+04 -5.40261E+04 -5.07480E+04 -3.88388E+04 -2.93500E+04 -3.20189E+04 -4.35679E+04 -8.72630E+04 -9.59196E+04 -1.01172E+05 -9.14516E+04 -1.01316E+05 -9.61473E+04 -8.74852E+04 -4.36644E+04 -3.20793E+04 -2.93953E+04 -3.88807E+04 -5.07623E+04 -5.39458E+04 -1.57730E+04
 -4.01296E+04 -1.21380E+05 -1.12611E+05 -8.59321E+04 -6.48595E+04 -7.07047E+04 -9.61420E+04 -1.92402E+05 -2.11307E+05 -2.22752E+05 -2.01306E+05 -2.23044E+05 -2.11774E+05 -1.92865E+05 -9.63458E+04 -7.08334E+04 -6.49566E+04 -8.60216E+04 -1.12636E+05 -1.21174E+05 -3.98144E+04
 -1.13763E+05 -2.96362E+05 -2.70467E+05 -2.05671E+05 -1.55029E+05 -1.68865E+05 -2.29447E+05 -4.58735E+05 -5.03259E+05 -5.30092E+05 -4.78889E+05 -5.30660E+05 -5.04199E+05 -4.59723E+05 -2.29900E+05 -1.69157E+05 -1.55252E+05 -2.05876E+05 -2.70499E+05 -2.95735E+05 -1.12717E+05
 -1.56252E+05 -3.65594E+05 -3.30315E+05 -2.50934E+05 -1.89124E+05 -2.06002E+05 -2.79906E+05 -5.59537E+05 -6.13559E+05 -6.45936E+05 -5.83374E+05 -6.46425E+05 -6.14427E+05 -5.60537E+05 -2.80383E+05 -2.06313E+05 -1.89358E+05 -2.51129E+05 -3.30241E+05 -3.64529E+05 -1.54515E+05
 -9.18001E+04 -2.05672E+05 -1.85570E+05 -1.41141E+05 -1.06454E+05 -1.16014E+05 -1.57705E+05 -3.15380E+05 -3.45847E+05 -3.64029E+05 -3.28720E+05 -3.64221E+05 -3.46217E+05 -3.15843E+05 -1.57927E+05 -1.16156E+05 -1.06556E+05 -1.41207E+05 -1.85456E+05 -2.04926E+05 -9.06437E+04
 -4.87084E+04 -1.07639E+05 -9.71832E+04 -7.39858E+04 -5.58321E+04 -6.08662E+04 -8.27627E+04 -1.65554E+05 -1.81560E+05 -1.91094E+05 -1.72546E+05 -1.91172E+05 -1.81724E+05 -1.65770E+05 -8.28672E+04 -6.09322E+04 -5.58771E+04 -7.40090E+04 -9.71048E+04 -1.07211E+05 -4.80587E+04
 -5.03191E+04 -1.10441E+05 -9.97912E+04 -7.60256E+04 -5.73930E+04 -6.25827E+04 -8.51137E+04 -1.70287E+05 -1.86762E+05 -1.96563E+05 -1.77477E+05 -1.96628E+05 -1.86909E+05 -1.70492E+05 -8.52126E+04 -6.26443E+04 -5.74334E+04 -7.60413E+04 -9.96973E+04 -1.09975E+05 -4.96228E+04
 -5.17073E+04 -1.12890E+05 -1.02107E+05 -7.78488E+04 -5.87920E+04 -6.41238E+04 -8.72270E+04 -1.74546E+05 -1.91442E+05 -2.01481E+05 -1.81910E+05 -2.01532E+05 -1.91571E+05 -1.74737E+05 -8.73193E+04 -6.41804E+04 -5.88274E+04 -7.78564E+04 -1.01997E+05 -1.12388E+05 -5.09658E+04
 -5.28594E+04 -1.14961E+05 -1.04103E+05 -7.94324E+04 -6.00114E+04 -6.54695E+04 -8.90749E+04 -1.78273E+05 -1.95537E+05 -2.05783E+05 -1.85786E+05 -2.05820E+05 -1.95647E+05 -1.78449E+05 -8.91599E+04 -6.55207E+04 -6.00413E+04 -7.94315E+04 -1.03977E+05 -1.14423E+05 -5.20752E+04
 -1.08263E+05 -2.34672E+05 -2.12929E+05 -1.62656E+05 -1.22958E+05 -1.34188E+05 -1.82621E+05 -3.65578E+05 -4.00997E+05 -4.21984E+05 -3.80954E+05 -4.22010E+05 -4.01152E+05 -3.65874E+05 -1.82764E+05 -1.34270E+05 -1.22998E+05 -1.62625E+05 -2.12624E+05 -2.33490E+05 -1.06575E+05
 -2.19817E+05 -4.76995E+05 -4.34646E+05 -3.32734E+05 -2.51783E+05 -2.74948E+05 -3.74363E+05 -7.49668E+05 -8.22301E+05 -8.65214E+05 -7.80990E+05 -8.65059E+05 -8.22302E+05 -7.49964E+05 -3.74503E+05 -2.75005E+05 -2.51762E+05 -3.32528E+05 -4.33815E+05 -4.74259E+05 -2.16052E+05
 -2.08610E+05 -4.60483E+05 -4.22384E+05 -3.24139E+05 -2.45544E+05 -2.68298E+05 -3.65463E+05 -7.31984E+05 -8.02688E+05 -8.44253E+05 -7.61882E+05 -8.43819E+05 -8.02238E+05 -7.31830E+05 -3.65392E+05 -2.68213E+05 -2.45407E+05 -3.23800E+05 -4.21415E+05 -4.57618E+05 -2.04683E+05
 -9.44576E+04 -2.14056E+05 -1.97419E+05 -1.51688E+05 -1.14954E+05 -1.25627E+05 -1.71131E+05 -3.42711E+05 -3.75656E+05 -3.94953E+05 -3.56343E+05 -3.94654E+05 -3.75278E+05 -3.42468E+05 -1.71022E+05 -1.25540E+05 -1.14854E+05 -1.51497E+05 -1.96950E+05 -2.12720E+05 -9.25672E+04
 -4.40696E+04 -1.01701E+05 -9.40407E+04 -7.22756E+04 -5.47725E+04 -5.98547E+04 -8.15273E+04 -1.63240E+05 -1.78892E+05 -1.88051E+05 -1.69652E+05 -1.87888E+05 -1.78673E+05 -1.63079E+05 -8.14536E+04 -5.97987E+04 -5.47136E+04 -7.21730E+04 -9.38099E+04 -1.01066E+05 -4.31573E+04
 -4.17508E+04 -9.77469E+04 -9.05400E+04 -6.95889E+04 -5.27325E+04 -5.76207E+04 -7.84765E+04 -1.57109E+05 -1.72149E+05 -1.80947E+05 -1.63236E+05 -1.80779E+05 -1.71915E+05 -1.56925E+05 -7.83907E+04 -5.75567E+04 -5.26676E+04 -6.94815E+04 -9.03118E+04 -9.71368E+04 -4.08649E+04
 -3.92692E+04 -9.34805E+04 -8.67456E+04 -6.66716E+04 -5.05158E+04 -5.51923E+04 -7.51597E+04 -1.50444E+05 -1.64824E+05 -1.73235E+05 -1.56273E+05 -1.73065E+05 -1.64580E+05 -1.50241E+05 -7.50635E+04 -5.51212E+04 -5.04456E+04 -6.65601E+04 -8.65209E+04 -9.28974E+04 -3.84131E+04
 -3.66479E+04 -8.89410E+04 -8.26956E+04 -6.35547E+04 -4.81468E+04 -5.25968E+04 -7.16149E+04 -1.43325E+05 -1.57004E+05 -1.65007E+05 -1.48846E+05 -1.64838E+05 -1.56754E+05 -1.43107E+05 -7.15101E+04 -5.25197E+04 -4.80720E+04 -6.34399E+04 -8.24752E+04 -8.83864E+04 -3.58244E+04
 -6.50415E+04 -1.63454E+05 -1.52483E+05 -1.17171E+05 -8.87409E+04 -9.69207E+04 -1.31935E+05 -2.63980E+05 -2.89138E+05 -3.03871E+05 -2.74104E+05 -3.03543E+05 -2.88637E+05 -2.63517E+05 -1.31708E+05 -9.67536E+04 -8.85817E+04 -1.16936E+05 -1.52058E+05 -1.62435E+05 -6.35010E+04
 -9.52596E+04 -2.65097E+05 -2.49671E+05 -1.91856E+05 -1.45241E+05 -1.58568E+05 -2.15775E+05 -4.31605E+05 -4.72754E+05 -4.96945E+05 -4.48293E+05 -4.96383E+05 -4.71853E+05 -4.30698E+05 -2.15313E+05 -1.58226E+05 -1.44920E+05 -1.91402E+05 -2.48922E+05 -2.63442E+05 -9.26475E+04
 -5.56442E+04 -2.82776E+05 -2.81170E+05 -2.18012E+05 -1.65561E+05 -1.81084E+05 -2.46824E+05 -4.94826E+05 -5.43300E+05 -5.72076E+05 -5.16353E+05 -5.71473E+05 -5.42288E+05 -4.93733E+05 -2.46251E+05 -1.80658E+05 -1.65166E+05 -2.17470E+05 -2.80339E+05 -2.81024E+05 -5.23484E+04
  1.15447E+05 -3.36804E+04 -9.57897E+04 -8.64952E+04 -6.97449E+04 -7.91108E+04 -1.11347E+05 -2.31548E+05 -2.61998E+05 -2.80411E+05 -2.54369E+05 -2.80226E+05 -2.61693E+05 -2.31234E+05 -1.11199E+05 -7.90120E+04 -6.96644E+04 -8.64053E+04 -9.56894E+04 -3.33773E+04  1.17059E+05

  5.42178E+05  4.96722E+05  2.87763E+05  1.82299E+05  1.24922E+05  1.27301E+05  1.62066E+05  2.98490E+05  3.04806E+05  3.08523E+05  2.75266E+05  3.08662E+05  3.05069E+05  2.98835E+05  1.62271E+05  1.27464E+05  1.25079E+05  1.82517E+05  2.88047E+05  4.96898E+05  5.41189E+05
  5.11719E+05  4.32846E+05  2.44413E+05  1.52937E+05  1.04061E+05  1.05493E+05  1.33594E+05  2.44392E+05  2.47918E+05  2.49970E+05  2.22700E+05  2.49989E+05  2.47954E+05  2.44432E+05  1.33606E+05  1.05495E+05  1.04054E+05  1.52906E+05  2.44294E+05  4.32343E+05  5.10052E+05
  3.03245E+05  2.51111E+05  1.38540E+05  8.54793E+04  5.76546E+04  5.80546E+04  7.29960E+04  1.32244E+05  1.32898E+05  1.33252E+05  1.18498E+05  1.33242E+05  1.32884E+05  1.32231E+05  7.29854E+04  5.80437E+04  5.76406E+04  8.54510E+04  1.38467E+05  2.50840E+05  3.02340E+05
  1.61275E+05  1.32260E+05  7.19709E+04  4.40211E+04  2.95276E+04  2.96039E+04  3.70510E+04  6.66958E+04  6.66112E+04  6.65429E+04  5.91057E+04  6.65386E+04  6.66068E+04  6.66953E+04  3.70506E+04  2.96032E+04  2.95260E+04  4.40162E+04  7.19513E+04  1.32157E+05  1.60852E+05
  8.27581E+04  6.75468E+04  3.64860E+04  2.22108E+04  1.48526E+04  1.48551E+04  1.85439E+04  3.32603E+04  3.31008E+04  3.29972E+04  2.92899E+04  3.29964E+04  3.31014E+04  3.32643E+04  1.85465E+04  1.48573E+04  1.48545E+04  2.22127E+04  3.64836E+04  6.75088E+04  8.25602E+04
  8.40555E+04  6.83908E+04  3.67534E+04  2.22993E+04  1.48797E+04  1.48569E+04  1.85119E+04  3.31171E+04  3.28747E+04  3.27220E+04  2.90319E+04  3.27226E+04  3.28779E+04  3.31248E+04  1.85170E+04  1.48612E+04  1.48839E+04  2.23047E+04  3.67570E+04  6.83634E+04  8.38693E+04
  8.52713E+04  6.91624E+04  3.69732E+04  2.23555E+04  1.48838E+04  1.48344E+04  1.84481E+04  3.29129E+04  3.25840E+04  3.23803E+04  2.87145E+04  3.23828E+04  3.25908E+04  3.29254E+04  1.84563E+04  1.48413E+04  1.48907E+04  2.23651E+04  3.69839E+04  6.91474E+04  8.50987E+04
  8.64047E+04  6.98611E+04  3.71458E+04  2.23798E+04  1.48651E+04  1.47881E+04  1.83531E+04  3.26489E+04  3.22302E+04  3.19737E+04  2.83389E+04  3.19785E+04  3.22414E+04  3.26673E+04  1.83649E+04  1.47981E+04  1.48752E+04  2.23943E+04  3.71646E+04  6.98602E+04  8.62476E+04
  1.75869E+05  1.41531E+05  7.46258E+04  4.47093E+04  2.95870E+04  2.93461E+04  3.63021E+04  6.42792E+04  6.31614E+04  6.24841E+04  5.53338E+04  6.25022E+04  6.31996E+04  6.43364E+04  3.63384E+04  2.93767E+04  2.96180E+04  4.47547E+04  7.46904E+04  1.41576E+05  1.75608E+05
  3.61692E+05  2.88377E+05  1.49388E+05  8.84162E+04  5.80344E+04  5.71810E+04  7.02173E+04  1.23023E+05  1.19600E+05  1.17555E+05  1.03899E+05  1.17636E+05  1.19757E+05  1.23239E+05  7.03525E+04  5.72938E+04  5.81489E+04  8.85863E+04  1.49647E+05  2.88690E+05  3.61432E+05
  3.70656E+05  2.91677E+05  1.47308E+05  8.55907E+04  5.54684E+04  5.40790E+04  6.56253E+04  1.12991E+05  1.07893E+05  1.04885E+05  9.23930E+04  1.05043E+05  1.08190E+05  1.13386E+05  6.58702E+04  5.42825E+04  5.56749E+04  8.58990E+04  1.47789E+05  2.92367E+05  3.70830E+05
  1.87068E+05  1.45769E+05  7.22124E+04  4.13406E+04  2.65100E+04  2.56162E+04  3.07695E+04  5.21719E+04  4.90188E+04  4.71735E+04  4.14273E+04  4.72823E+04  4.92224E+04  5.24404E+04  3.09360E+04  2.57547E+04  2.66507E+04  4.15511E+04  7.25440E+04  1.46268E+05  1.87335E+05
  9.37558E+04  7.27533E+04  3.57237E+04  2.03077E+04  1.29559E+04  1.24641E+04  1.48953E+04  2.50603E+04  2.33496E+04  2.23518E+04  1.95971E+04  2.24129E+04  2.34636E+04  2.52105E+04  1.49886E+04  1.25417E+04  1.30348E+04  2.04260E+04  3.59106E+04  7.30387E+04  9.39333E+04
  9.38367E+04  7.26437E+04  3.54781E+04  2.00799E+04  1.27692E+04  1.22502E+04  1.45921E+04  2.44271E+04  2.26357E+04  2.15929E+04  1.89112E+04  2.16580E+04  2.27572E+04  2.45870E+04  1.46915E+04  1.23330E+04  1.28534E+04  2.02062E+04  3.56781E+04  7.29519E+04  9.40430E+04
  9.38613E+04  7.25124E+04  3.52404E+04  1.98648E+04  1.25945E+04  1.20511E+04  1.43108E+04  2.38423E+04  2.19787E+04  2.08958E+04  1.82816E+04  2.09646E+04  2.21070E+04  2.40111E+04  1.44159E+04  1.21386E+04  1.26836E+04  1.99985E+04  3.54526E+04  7.28421E+04  9.40955E+04
  9.38324E+04  7.23646E+04  3.50162E+04  1.96670E+04  1.24353E+04  1.18705E+04  1.40569E+04  2.33171E+04  2.13912E+04  2.02738E+04  1.77201E+04  2.03459E+04  2.15255E+04  2.34940E+04  1.41672E+04  1.19624E+04  1.25289E+04  1.98075E+04  3.52396E+04  7.27142E+04  9.40932E+04
  1.87416E+05  1.44285E+05  6.94546E+04  3.88360E+04  2.44732E+04  2.32926E+04  2.74858E+04  4.53411E+04  4.13409E+04  3.90247E+04  3.40661E+04  3.91771E+04  4.16251E+04  4.57153E+04  2.77196E+04  2.34875E+04  2.46720E+04  3.91347E+04  6.99305E+04  1.45037E+05  1.88012E+05
  3.72670E+05  2.86831E+05  1.37385E+05  7.64718E+04  4.80221E+04  4.55640E+04  5.35681E+04  8.78540E+04  7.95857E+04  7.48116E+04  6.52195E+04  7.51383E+04  8.01949E+04  8.86567E+04  5.40709E+04  4.59838E+04  4.84505E+04  7.71165E+04  1.38416E+05  2.88486E+05  3.74105E+05
  3.66918E+05  2.84092E+05  1.36886E+05  7.65335E+04  4.82215E+04  4.58901E+04  5.41495E+04  8.93508E+04  8.15464E+04  7.70599E+04  6.72959E+04  7.73833E+04  8.21488E+04  9.01429E+04  5.46455E+04  4.63041E+04  4.86440E+04  7.71696E+04  1.37908E+05  2.85768E+05  3.68524E+05
  1.80265E+05  1.40915E+05  6.88657E+04  3.89398E+04  2.47429E+04  2.37226E+04  2.82428E+04  4.72708E+04  4.38523E+04  4.18960E+04  3.67163E+04  4.20454E+04  4.41298E+04  4.76336E+04  2.84691E+04  2.39110E+04  2.49349E+04  3.92289E+04  6.93315E+04  1.41694E+05  1.81072E+05
  8.91703E+04  7.01607E+04  3.46243E+04  1.97290E+04  1.26070E+04  1.21465E+04  1.45443E+04  2.45616E+04  2.30107E+04  2.21247E+04  1.94284E+04  2.21950E+04  2.31410E+04  2.47316E+04  1.46501E+04  1.22345E+04  1.26967E+04  1.98639E+04  3.48419E+04  7.05284E+04  8.95663E+04
  8.84602E+04  6.99462E+04  3.47714E+04  1.99253E+04  1.27849E+04  1.23614E+04  1.48624E+04  2.52563E+04  2.38215E+04  2.30026E+04  2.02263E+04  2.30694E+04  2.39455E+04  2.54178E+04  1.49628E+04  1.24449E+04  1.28699E+04  2.00532E+04  3.49778E+04  7.02971E+04  8.88482E+04
  8.76897E+04  6.97065E+04  3.49245E+04  2.01335E+04  1.29743E+04  1.25906E+04  1.52019E+04  2.59983E+04  2.46874E+04  2.39399E+04  2.10780E+04  2.40029E+04  2.48044E+04  2.61505E+04  1.52965E+04  1.26691E+04  1.30542E+04  2.02537E+04  3.51188E+04  7.00391E+04  8.80677E+04
  8.68549E+04  6.94347E+04  3.50761E+04  2.03474E+04  1.31703E+04  1.28285E+04  1.55553E+04  2.67720E+04  2.55911E+04  2.49183E+04  2.19672E+04  2.49773E+04  2.57006E+04  2.69144E+04  1.56437E+04  1.29019E+04  1.32449E+04  2.04595E+04  3.52576E+04  6.97476E+04  8.72210E+04
  1.70935E+05  1.37900E+05  7.05658E+04  4.13272E+04  2.69293E+04  2.63769E+04  3.21849E+04  5.59057E+04  5.39467E+04  5.28318E+04  4.66570E+04  5.29370E+04  5.41419E+04  5.61593E+04  3.23421E+04  2.65073E+04  2.70618E+04  4.15265E+04  7.08888E+04  1.38464E+05  1.71626E+05
  3.28592E+05  2.70368E+05  1.42046E+05  8.47680E+04  5.59473E+04  5.53762E+04  6.83566E+04  1.20725E+05  1.18439E+05  1.17143E+05  1.03761E+05  1.17299E+05  1.18730E+05  1.21101E+05  6.85894E+04  5.55691E+04  5.61434E+04  8.50631E+04  1.42527E+05  2.71232E+05  3.29770E+05
  5.82759E+05  4.99901E+05  2.75206E+05  1.69342E+05  1.14012E+05  1.14640E+05  1.43932E+05  2.60255E+05  2.61206E+05  2.61789E+05  2.32807E+05  2.61911E+05  2.61429E+05  2.60538E+05  1.44106E+05  1.14783E+05  1.14159E+05  1.69564E+05  2.75580E+05  5.00659E+05  5.84211E+05
  6.69194E+05  6.30572E+05  3.61566E+05  2.27388E+05  1.55096E+05  1.57479E+05  1.99714E+05  3.65875E+05  3.71720E+05  3.75083E+05  3.34259E+05  3.75076E+05  3.71701E+05  3.65841E+05  1.99693E+05  1.57461E+05  1.55079E+05  2.27366E+05  3.61550E+05  6.30682E+05  6.70001E+05

  2.16997E+05  2.06414E+05  1.26206E+05  8.23896E+04  5.74821E+04  5.93773E+04  7.66707E+04  1.43914E+05  1.49789E+05  1.53370E+05  1.37349E+05  1.53376E+05  1.49801E+05  1.43927E+05  7.66771E+04  5.93813E+04  5.74847E+04  8.23898E+04  1.26194E+05  2.06320E+05  2.16430E+05
  2.02625E+05  1.76743E+05  1.07369E+05  7.01071E+04  4.89523E+04  5.06121E+04  6.54286E+04  1.23065E+05  1.28332E+05  1.31556E+05  1.17838E+05  1.31535E+05  1.28288E+05  1.22999E+05  6.53817E+04  5.05697E+04  4.89057E+04  7.00295E+04  1.07220E+05  1.76383E+05  2.01709E+05
  1.25263E+05  1.08642E+05  6.61831E+04  4.32950E+04  3.02656E+04  3.13195E+04  4.05261E+04  7.63258E+04  7.96887E+04  8.17486E+04  7.32384E+04  8.17317E+04  7.96539E+04  7.62737E+04  4.04899E+04  3.12870E+04  3.02301E+04  4.32368E+04  6.60737E+04  1.08386E+05  1.24662E+05
  6.83816E+04  5.93784E+04  3.62458E+04  2.37367E+04  1.66037E+04  1.71900E+04  2.22540E+04  4.19400E+04  4.38143E+04  4.49627E+04  4.02861E+04  4.49529E+04  4.37942E+04  4.19100E+04  2.22332E+04  1.71714E+04  1.65835E+04  2.37034E+04  3.61836E+04  5.92342E+04  6.80504E+04
  3.55721E+04  3.09273E+04  1.88995E+04  1.23839E+04  8.66525E+03  8.97336E+03  1.16196E+04  2.19054E+04  2.28912E+04  2.34952E+04  2.10526E+04  2.34901E+04  2.28806E+04  2.18896E+04  1.16086E+04  8.96353E+03  8.65455E+03  1.23663E+04  1.88667E+04  3.08516E+04  3.53999E+04
  3.64643E+04  3.17363E+04  1.94086E+04  1.27223E+04  8.90393E+03  9.22197E+03  1.19434E+04  2.25207E+04  2.35388E+04  2.41627E+04  2.16514E+04  2.41574E+04  2.35278E+04  2.25044E+04  1.19321E+04  9.21183E+03  8.89289E+03  1.27041E+04  1.93748E+04  3.16584E+04  3.62882E+04
  3.73348E+04  3.25318E+04  1.99104E+04  1.30561E+04  9.13953E+03  9.46747E+03  1.22633E+04  2.31288E+04  2.41790E+04  2.48227E+04  2.22436E+04  2.48172E+04  2.41678E+04  2.31119E+04  1.22517E+04  9.45704E+03  9.12818E+03  1.30375E+04  1.98757E+04  3.24518E+04  3.71550E+04
  3.81808E+04  3.33108E+04  2.04030E+04  1.33842E+04  9.37119E+03  9.70895E+03  1.25781E+04  2.37274E+04  2.48095E+04  2.54729E+04  2.28270E+04  2.54673E+04  2.47980E+04  2.37101E+04  1.25661E+04  9.69826E+03  9.35956E+03  1.33651E+04  2.03674E+04  3.32289E+04  3.79977E+04
  7.87813E+04  6.88771E+04  4.22375E+04  2.77230E+04  1.94169E+04  2.01214E+04  2.60736E+04  4.92005E+04  5.14591E+04  5.28438E+04  4.73573E+04  5.28322E+04  5.14354E+04  4.91649E+04  2.60490E+04  2.00993E+04  1.93929E+04  2.76836E+04  4.21640E+04  6.87083E+04  7.84067E+04
  1.66312E+05  1.46087E+05  8.97968E+04  5.90047E+04  4.13519E+04  4.28715E+04  5.55787E+04  1.04938E+05  1.09816E+05  1.12807E+05  1.01106E+05  1.12783E+05  1.09766E+05  1.04864E+05  5.55269E+04  4.28251E+04  4.13015E+04  5.89220E+04  8.96427E+04  1.45734E+05  1.65540E+05
  1.75900E+05  1.55421E+05  9.58135E+04  6.30447E+04  4.42171E+04  4.58675E+04  5.94961E+04  1.12417E+05  1.17723E+05  1.20978E+05  1.08443E+05  1.20953E+05  1.17671E+05  1.12339E+05  5.94423E+04  4.58193E+04  4.41647E+04  6.29588E+04  9.56536E+04  1.55056E+05  1.75115E+05
  9.05834E+04  8.03265E+04  4.96114E+04  3.26729E+04  2.29269E+04  2.37912E+04  3.08716E+04  5.83591E+04  6.11409E+04  6.28477E+04  5.63404E+04  6.28349E+04  6.11145E+04  5.83193E+04  3.08440E+04  2.37666E+04  2.29001E+04  3.26291E+04  4.95301E+04  8.01419E+04  9.01928E+04
  4.57586E+04  4.06463E+04  2.51245E+04  1.65528E+04  1.16178E+04  1.20577E+04  1.56486E+04  2.95880E+04  3.10044E+04  3.18734E+04  2.85743E+04  3.18669E+04  3.09909E+04  2.95678E+04  1.56346E+04  1.20452E+04  1.16043E+04  1.65308E+04  2.50836E+04  4.05538E+04  4.55649E+04
  4.59938E+04  4.09008E+04  2.52946E+04  1.66689E+04  1.17008E+04  1.21450E+04  1.57634E+04  2.98088E+04  3.12394E+04  3.21173E+04  2.87935E+04  3.21106E+04  3.12257E+04  2.97883E+04  1.57493E+04  1.21324E+04  1.16872E+04  1.66466E+04  2.52536E+04  4.08084E+04  4.58016E+04
  4.61702E+04  4.11004E+04  2.54297E+04  1.67615E+04  1.17672E+04  1.22150E+04  1.58557E+04  2.99867E+04  3.14292E+04  3.23144E+04  2.89707E+04  3.23076E+04  3.14153E+04  2.99659E+04  1.58414E+04  1.22023E+04  1.17535E+04  1.67391E+04  2.53885E+04  4.10080E+04  4.59798E+04
  4.62869E+04  4.12436E+04  2.55289E+04  1.68301E+04  1.18166E+04  1.22672E+04  1.59247E+04  3.01203E+04  3.15723E+04  3.24632E+04  2.91047E+04  3.24563E+04  3.15581E+04  3.00992E+04  1.59103E+04  1.22544E+04  1.18028E+04  1.68075E+04  2.54875E+04  4.11514E+04  4.60985E+04
  9.26842E+04  8.27007E+04  5.12176E+04  3.37739E+04  2.37164E+04  2.46233E+04  3.19679E+04  6.04724E+04  6.33952E+04  6.51886E+04  5.84455E+04  6.51742E+04  6.33659E+04  6.04291E+04  3.19384E+04  2.45971E+04  2.36883E+04  3.37284E+04  5.11343E+04  8.25170E+04  9.23146E+04
  1.84106E+05  1.64673E+05  1.02061E+05  6.73238E+04  4.72841E+04  4.90984E+04  6.37518E+04  1.20616E+05  1.26465E+05  1.30053E+05  1.16603E+05  1.30022E+05  1.26402E+05  1.20524E+05  6.36901E+04  4.90442E+04  4.72261E+04  6.72306E+04  1.01893E+05  1.64310E+05  1.83401E+05
  1.79126E+05  1.60407E+05  9.94237E+04  6.55830E+04  4.60607E+04  4.78273E+04  6.21001E+04  1.17486E+05  1.23179E+05  1.26670E+05  1.13568E+05  1.26636E+05  1.23111E+05  1.17388E+05  6.20351E+04  4.77708E+04  4.60007E+04  6.54877E+04  9.92548E+04  1.60055E+05  1.78476E+05
  8.65311E+04  7.74490E+04  4.79720E+04  3.16323E+04  2.22115E+04  2.30597E+04  2.99363E+04  5.66234E+04  5.93539E+04  6.10279E+04  5.47128E+04  6.10099E+04  5.93181E+04  5.65722E+04  2.99028E+04  2.30308E+04  2.21810E+04  3.15843E+04  4.78880E+04  7.72781E+04  8.62285E+04
  4.23259E+04  3.78714E+04  2.34459E+04  1.54558E+04  1.08510E+04  1.12640E+04  1.46213E+04  2.76510E+04  2.89797E+04  2.97942E+04  2.67102E+04  2.97850E+04  2.89615E+04  2.76251E+04  1.46044E+04  1.12495E+04  1.08357E+04  1.54319E+04  2.34042E+04  3.77876E+04  4.21806E+04
  4.16351E+04  3.72467E+04  2.30503E+04  1.51919E+04  1.06644E+04  1.10693E+04  1.43671E+04  2.71668E+04  2.84688E+04  2.92667E+04  2.62366E+04  2.92574E+04  2.84505E+04  2.71408E+04  1.43502E+04  1.10548E+04  1.06492E+04  1.51680E+04  2.30090E+04  3.71641E+04  4.14939E+04
  4.08987E+04  3.65806E+04  2.26285E+04  1.49104E+04  1.04653E+04  1.08616E+04  1.40960E+04  2.66502E+04  2.79236E+04  2.87038E+04  2.57313E+04  2.86945E+04  2.79052E+04  2.66242E+04  1.40791E+04  1.08471E+04  1.04502E+04  1.48867E+04  2.25875E+04  3.64994E+04  4.07616E+04
  4.01194E+04  3.58763E+04  2.21824E+04  1.46127E+04  1.02548E+04  1.06419E+04  1.38092E+04  2.61039E+04  2.73470E+04  2.81085E+04  2.51969E+04  2.80992E+04  2.73286E+04  2.60779E+04  1.37924E+04  1.06275E+04  1.02398E+04  1.45892E+04  2.21419E+04  3.57966E+04  3.99864E+04
  7.77376E+04  6.95044E+04  4.29423E+04  2.82765E+04  1.98388E+04  2.05837E+04  2.67048E+04  5.04675E+04  5.28576E+04  5.43214E+04  4.86921E+04  5.43028E+04  5.28210E+04  5.04158E+04  2.66716E+04  2.05553E+04  1.98091E+04  2.82303E+04  4.28632E+04  6.93500E+04  7.74843E+04
  1.44464E+05  1.29194E+05  7.96883E+04  5.24228E+04  3.67590E+04  3.81228E+04  4.94377E+04  9.33719E+04  9.77379E+04  1.00410E+05  8.99949E+04  1.00374E+05  9.76674E+04  9.32730E+04  4.93744E+04  3.80689E+04  3.67029E+04  5.23358E+04  7.95403E+04  1.28909E+05  1.44010E+05
  2.38864E+05  2.14743E+05  1.32025E+05  8.66714E+04  6.06964E+04  6.28867E+04  8.14674E+04  1.53646E+05  1.60614E+05  1.64873E+05  1.47736E+05  1.64815E+05  1.60499E+05  1.53486E+05  8.13660E+04  6.28007E+04  6.06073E+04  8.65339E+04  1.31793E+05  2.14303E+05  2.38176E+05
  2.57082E+05  2.49104E+05  1.53612E+05  1.00695E+05  7.04166E+04  7.28618E+04  9.42440E+04  1.77299E+05  1.84918E+05  1.89558E+05  1.69810E+05  1.89535E+05  1.84874E+05  1.77240E+05  9.42097E+04  7.28339E+04  7.03888E+04  1.00654E+05  1.53546E+05  2.48981E+05  2.56747E+05

           0.000           0.000           0.000
    0.000
