#    Synthetic 3D MT data written by ModEM-OO
#    Period(s) Code GG_Lat GG_Lon X(m) Y(m) Z(m) Component Real Imag Error
>    Full_Impedance
>    exp(-i\omega t)
>    [V/m]/[T]
>        0.00
>        0.000    0.000
>         1      13
1.000000E-01 Line_1_1           0.000          0.000      -1876.984      -5876.984          0.000 ZXX    -2.949671E+02   -4.193672E+02    1.000000E+00
1.000000E-01 Line_1_1           0.000          0.000      -1876.984      -5876.984          0.000 ZXY     2.198362E+04   -1.283725E+04    1.000000E+00
1.000000E-01 Line_1_1           0.000          0.000      -1876.984      -5876.984          0.000 ZYX    -2.099700E+04    1.360382E+04    1.000000E+00
1.000000E-01 Line_1_1           0.000          0.000      -1876.984      -5876.984          0.000 ZYY     2.705096E+02    3.888169E+02    1.000000E+00
1.000000E-01 Line_1_2           0.000          0.000      -1876.984      -4876.984          0.000 ZXX    -2.704111E+02   -3.808814E+02    1.000000E+00
1.000000E-01 Line_1_2           0.000          0.000      -1876.984      -4876.984          0.000 ZXY     2.002386E+04   -1.272343E+04    1.000000E+00
1.000000E-01 Line_1_2           0.000          0.000      -1876.984      -4876.984          0.000 ZYX    -1.951168E+04    1.344360E+04    1.000000E+00
1.000000E-01 Line_1_2           0.000          0.000      -1876.984      -4876.984          0.000 ZYY     2.537459E+02    3.694271E+02    1.000000E+00
1.000000E-01 Line_1_3           0.000          0.000      -1876.984      -3876.984          0.000 ZXX    -8.702368E+01   -1.596125E+02    1.000000E+00
1.000000E-01 Line_1_3           0.000          0.000      -1876.984      -3876.984          0.000 ZXY     1.895269E+04   -1.283956E+04    1.000000E+00
1.000000E-01 Line_1_3           0.000          0.000      -1876.984      -3876.984          0.000 ZYX    -1.872912E+04    1.345991E+04    1.000000E+00
1.000000E-01 Line_1_3           0.000          0.000      -1876.984      -3876.984          0.000 ZYY     6.873062E+01    1.444842E+02    1.000000E+00
1.000000E-01 Line_1_4           0.000          0.000      -1876.984      -2876.984          0.000 ZXX     2.968489E+01    5.709828E+01    1.000000E+00
1.000000E-01 Line_1_4           0.000          0.000      -1876.984      -2876.984          0.000 ZXY     1.904608E+04   -1.301803E+04    1.000000E+00
1.000000E-01 Line_1_4           0.000          0.000      -1876.984      -2876.984          0.000 ZYX    -1.891893E+04    1.338183E+04    1.000000E+00
1.000000E-01 Line_1_4           0.000          0.000      -1876.984      -2876.984          0.000 ZYY    -3.806910E+01   -7.127932E+01    1.000000E+00
1.000000E-01 Line_1_5           0.000          0.000      -1876.984      -1876.984          0.000 ZXX     8.827410E+01    1.791797E+02    1.000000E+00
1.000000E-01 Line_1_5           0.000          0.000      -1876.984      -1876.984          0.000 ZXY     1.934955E+04   -1.324703E+04    1.000000E+00
1.000000E-01 Line_1_5           0.000          0.000      -1876.984      -1876.984          0.000 ZYX    -1.910017E+04    1.333391E+04    1.000000E+00
1.000000E-01 Line_1_5           0.000          0.000      -1876.984      -1876.984          0.000 ZYY    -1.002118E+02   -1.911001E+02    1.000000E+00
1.000000E-01 Line_1_6           0.000          0.000      -1876.984       -876.985          0.000 ZXX     1.831189E+02    2.121068E+02    1.000000E+00
1.000000E-01 Line_1_6           0.000          0.000      -1876.984       -876.985          0.000 ZXY     1.963642E+04   -1.368866E+04    1.000000E+00
1.000000E-01 Line_1_6           0.000          0.000      -1876.984       -876.985          0.000 ZYX    -1.939086E+04    1.331027E+04    1.000000E+00
1.000000E-01 Line_1_6           0.000          0.000      -1876.984       -876.985          0.000 ZYY    -1.922013E+02   -2.057213E+02    1.000000E+00
1.000000E-01 Line_1_7           0.000          0.000      -1876.984        123.016          0.000 ZXX    -5.449469E+01   -5.259396E+01    1.000000E+00
1.000000E-01 Line_1_7           0.000          0.000      -1876.984        123.016          0.000 ZXY     1.973870E+04   -1.419044E+04    1.000000E+00
1.000000E-01 Line_1_7           0.000          0.000      -1876.984        123.016          0.000 ZYX    -1.985889E+04    1.338196E+04    1.000000E+00
1.000000E-01 Line_1_7           0.000          0.000      -1876.984        123.016          0.000 ZYY     5.536081E+01    6.126379E+01    1.000000E+00
1.000000E-01 Line_1_8           0.000          0.000      -1876.984       1123.016          0.000 ZXX    -1.447825E+02   -2.166139E+02    1.000000E+00
1.000000E-01 Line_1_8           0.000          0.000      -1876.984       1123.016          0.000 ZXY     1.990056E+04   -1.412117E+04    1.000000E+00
1.000000E-01 Line_1_8           0.000          0.000      -1876.984       1123.016          0.000 ZYX    -1.935067E+04    1.365922E+04    1.000000E+00
1.000000E-01 Line_1_8           0.000          0.000      -1876.984       1123.016          0.000 ZYY     1.535928E+02    2.310927E+02    1.000000E+00
1.000000E-01 Line_1_9           0.000          0.000      -1876.984       2123.016          0.000 ZXX    -7.297804E+01   -1.540438E+02    1.000000E+00
1.000000E-01 Line_1_9           0.000          0.000      -1876.984       2123.016          0.000 ZXY     1.959268E+04   -1.370673E+04    1.000000E+00
1.000000E-01 Line_1_9           0.000          0.000      -1876.984       2123.016          0.000 ZYX    -1.901911E+04    1.360418E+04    1.000000E+00
1.000000E-01 Line_1_9           0.000          0.000      -1876.984       2123.016          0.000 ZYY     7.935817E+01    1.720793E+02    1.000000E+00
1.000000E-01 Line_1_10           0.000          0.000      -1876.984       3123.016          0.000 ZXX    -2.174802E+01   -1.507696E+01    1.000000E+00
1.000000E-01 Line_1_10           0.000          0.000      -1876.984       3123.016          0.000 ZXY     1.914619E+04   -1.318477E+04    1.000000E+00
1.000000E-01 Line_1_10           0.000          0.000      -1876.984       3123.016          0.000 ZYX    -1.876189E+04    1.350542E+04    1.000000E+00
1.000000E-01 Line_1_10           0.000          0.000      -1876.984       3123.016          0.000 ZYY     2.597404E+01    3.098339E+01    1.000000E+00
1.000000E-01 Line_1_11           0.000          0.000      -1876.984       4123.016          0.000 ZXX     1.717455E+02    2.413388E+02    1.000000E+00
1.000000E-01 Line_1_11           0.000          0.000      -1876.984       4123.016          0.000 ZXY     1.907627E+04   -1.286372E+04    1.000000E+00
1.000000E-01 Line_1_11           0.000          0.000      -1876.984       4123.016          0.000 ZYX    -1.855387E+04    1.354321E+04    1.000000E+00
1.000000E-01 Line_1_11           0.000          0.000      -1876.984       4123.016          0.000 ZYY    -1.492417E+02   -2.256368E+02    1.000000E+00
1.000000E-01 Line_1_12           0.000          0.000      -1876.984       5123.016          0.000 ZXX     2.583227E+02    3.934206E+02    1.000000E+00
1.000000E-01 Line_1_12           0.000          0.000      -1876.984       5123.016          0.000 ZXY     2.032503E+04   -1.274887E+04    1.000000E+00
1.000000E-01 Line_1_12           0.000          0.000      -1876.984       5123.016          0.000 ZYX    -1.930401E+04    1.356390E+04    1.000000E+00
1.000000E-01 Line_1_12           0.000          0.000      -1876.984       5123.016          0.000 ZYY    -2.212269E+02   -3.666921E+02    1.000000E+00
1.000000E-01 Line_1_13           0.000          0.000      -1876.984       6123.016          0.000 ZXX     3.196627E+02    4.171885E+02    1.000000E+00
1.000000E-01 Line_1_13           0.000          0.000      -1876.984       6123.016          0.000 ZXY     2.240917E+04   -1.293748E+04    1.000000E+00
1.000000E-01 Line_1_13           0.000          0.000      -1876.984       6123.016          0.000 ZYX    -2.072730E+04    1.377213E+04    1.000000E+00
1.000000E-01 Line_1_13           0.000          0.000      -1876.984       6123.016          0.000 ZYY    -2.568761E+02   -3.678755E+02    1.000000E+00
