 pred_mt4_mf
   4.2361045615468204E-008
   22172.960725448065     
   22173.030990261141     
   3.3690007682592940E-008
   3.0969265957475079E-007
   7051.6607274316038     
   7051.4791000358673     
   3.8903429824510165E-007
   8.8655065409293963E-008
   2216.9447941303656     
   2216.4693469922308     
   1.0337336195163412E-006
   7.2536532512352522E-007
   707.12266206943593     
   707.11449690111817     
   1.0790926811447218E-007
   4.0738873245376942E-008
   22173.015091904010     
   22173.030990194507     
   2.5794105613122665E-009
   1.7300070116846943E-007
   7051.5124245447078     
   7051.4791021515075     
   3.2591474854418881E-007
   1.6361954153071213E-007
   2216.5727102099409     
   2216.4693470573452     
   3.8799509051573635E-007
   2.6408296380314009E-007
   707.11624974320500     
   707.11449726446119     
   1.8018050806053629E-007
   2.4997089565207812E-008
   22173.063022479957     
   22173.030990176565     
   5.9172275099441867E-008
   1.4977055953843863E-007
   7051.3909001081611     
   7051.4791002505863     
   6.3314665679275600E-007
   1.7642067096431068E-007
   2216.2239957199736     
   2216.4693470103884     
   3.2675122884224424E-007
   3.4222183253832796E-007
   707.11023587126147     
   707.11449602975665     
   1.1999472212613867E-007
   3.2972699966941274E-008
   22173.118561930900     
   22173.030990229985     
   3.0875931626059997E-008
   1.6019123958855443E-008
   7051.2583618675699     
   7051.4791010464041     
   4.5254225833341320E-008
   8.8103112511472746E-008
   2215.7536463334509     
   2216.4693468811647     
   4.5546305672028037E-008
   2.4451012586335552E-007
   707.10212479726545     
   707.11449677443750     
   7.1204528227379751E-008
   2.9735183873200141E-008
   22173.181241680344     
   22173.030990185351     
   1.2731670825830017E-008
   4.7830330971187263E-008
   7051.1124079011706     
   7051.4791008972888     
   6.3197224810275184E-008
   1.7752640216419675E-008
   2214.9882504480815     
   2216.4693471222663     
   8.7946875275509609E-009
   1.0947470058590790E-007
   707.08890662539238     
   707.11449670305478     
   2.3387037771999207E-008
   1.1532092489595788E-008
   22173.219959925129     
   22173.030990218136     
   8.9640041010052856E-009
   9.5217852326077739E-008
   7051.0267872466611     
   7051.4791009766277     
   1.1358560870695795E-007
   3.8913605784581562E-008
   2214.2472016662050     
   2216.4693470251837     
   8.4553889423056612E-008
   5.2783715780155716E-008
   707.07609803832361     
   707.11449653808711     
   1.7684807429616491E-008
   4.8643553134362059E-008
   22173.231011332366     
   22173.030990199011     
   3.8052988754162269E-008
   5.2877540137677342E-008
   7051.0065122045153     
   7051.4791009702158     
   1.9337449328889563E-007
   2.9205646076539343E-008
   2213.9003175818830     
   2216.4693469686813     
   1.7824976421377975E-008
   1.5573880928126670E-007
   707.07009628747244     
   707.11449686129765     
   2.6478557060953536E-008
   2.9602922993490819E-008
   22173.232681450700     
   22173.030990129730     
   4.1130184338405198E-008
   1.2504380249882158E-007
   7051.0032318296217     
   7051.4791007310168     
   5.6780423769453890E-008
   7.8071543453178796E-008
   2213.8136433601644     
   2216.4693471575483     
   2.6027374294645316E-008
   3.1843066532532487E-007
   707.06858856137922     
   707.11449685515231     
   1.9384051048068564E-008
   3.7501415924379333E-008
   22173.233132486559     
   22173.030990221665     
   1.0525583167075408E-008
   1.7621625949005341E-007
   7051.0024469093096     
   7051.4791009798564     
   1.5120997293461294E-007
   2.7120091973652992E-007
   2213.7905537974566     
   2216.4693470084640     
   7.4262847758691526E-009
   1.5210381000846654E-007
   707.06818439366850     
   707.11449655055856     
   1.8897228089039018E-008
   1.3304652141163964E-008
   22173.233487714428     
   22173.030990211704     
   3.9741008130193650E-008
   7.4269283485395945E-008
   7051.0024547289368     
   7051.4791012436244     
   3.0857353864238072E-007
   8.3861523099982912E-008
   2213.7905729495283     
   2216.4693470077359     
   1.1391372137193995E-007
   8.8115598867837576E-008
   707.06818362376680     
   707.11449650631471     
   3.3620346224409465E-008
   3.6821494451071429E-008
   22173.233000308686     
   22173.030990160230     
   7.0669781372342022E-008
   9.0596134243474971E-008
   7051.0032558373805     
   7051.4791005456509     
   5.2622677061548035E-007
   2.1495613360369644E-007
   2213.8136898929797     
   2216.4693468543919     
   1.2147057727904322E-007
   2.2595139877378895E-008
   707.06858672195858     
   707.11449673581899     
   9.1467488998279340E-008
   4.4590172310267460E-008
   22173.230718541377     
   22173.030990225125     
   3.3848515837846367E-008
   7.7854748132498602E-008
   7051.0065258427103     
   7051.4791010549488     
   3.8455710857257916E-008
   8.9378089220543967E-008
   2213.9003730192044     
   2216.4693472089430     
   9.1850771423435896E-008
   1.0044683298788906E-007
   707.07009660963888     
   707.11449654469880     
   3.2897766406022589E-008
   3.0115868168866984E-008
   22173.219704851646     
   22173.030990191965     
   2.0594135706455345E-008
   2.1403889452831098E-008
   7051.0267564366195     
   7051.4791008907359     
   5.8876117313811921E-008
   9.0831672052341518E-008
   2214.2472430971175     
   2216.4693469435133     
   1.3801493678484588E-008
   4.3337212320147618E-008
   707.07609933713820     
   707.11449671727746     
   1.7843005283603722E-008
   1.2732636910348452E-008
   22173.181780647075     
   22173.030990211362     
   2.8661923983429995E-008
   3.5883551678013059E-008
   7051.1123009611301     
   7051.4791009791406     
   4.5381545539384691E-008
   4.3983110605268508E-008
   2214.9882677690871     
   2216.4693471074311     
   3.0441315403661226E-008
   2.1801808958857718E-008
   707.08890518007445     
   707.11449666936551     
   4.5511781666774050E-008
   5.3946782516160851E-008
   22173.120073670787     
   22173.030990193285     
   5.8604953198272998E-008
   1.2400791905577877E-007
   7051.2581278673670     
   7051.4791008808588     
   6.4230859639668025E-008
   5.9342376612731058E-008
   2215.7536548421940     
   2216.4693470299071     
   2.6827976616880542E-008
   8.7349256014782709E-008
   707.10212986035685     
   707.11449654602507     
   1.1965026371954964E-007
   2.1123400607009898E-008
   22173.064867884506     
   22173.030990164982     
   1.5821524465168483E-008
   1.6778716017561808E-007
   7051.3905735001417     
   7051.4791008849588     
   3.0653517848301676E-008
   1.1310317362755985E-007
   2216.2239938746038     
   2216.4693469733215     
   1.1456489548367478E-007
   2.3916378686772770E-008
   707.11025636473846     
   707.11449666955662     
   5.5000220482798139E-008
   4.0148751674022684E-008
   22173.017003076060     
   22173.030990182604     
   6.1132814330738674E-008
   4.2947641282553975E-008
   7051.5121726365514     
   7051.4791008640750     
   1.3685444582843559E-007
   2.1463521282517356E-007
   2216.5726972528287     
   2216.4693469528806     
   6.9893460454631716E-008
   9.9374241538835193E-008
   707.11627981909544     
   707.11449662548546     
   1.7304779209084605E-007
   6.0440884445899082E-009
   22172.962724602628     
   22173.030990251671     
   2.0861144266724994E-008
   3.9162262348986906E-008
   7051.6607277065332     
   7051.4791013608756     
   2.8140386040380956E-007
   2.1287250658617820E-007
   2216.9448499739433     
   2216.4693470401066     
   1.4664320420264943E-007
   5.7100138660855813E-008
   707.12270587643968     
   707.11449681401143     
   2.7521087170362267E-007
   1.3970204010191167E-008
   22172.960725643719     
   22173.104990886091     
   1.4591041108161374E-008
   3.8775122194484730E-007
   7051.6607284934244     
   7051.2935964862336     
   8.5430887429883018E-008
   2.1598543935358542E-007
   2216.9447959344575     
   2215.8754425530715     
   4.5435920931490143E-007
   3.8579803871181060E-007
   707.12266214472174     
   707.10424605287449     
   1.3478489353307286E-007
   9.3846233277316751E-009
   22173.015092327158     
   22173.104990979580     
   4.4978507352860208E-008
   1.0043390939434107E-007
   7051.5124264120859     
   7051.2935966408249     
   2.1901169688154516E-007
   1.7857287267083581E-007
   2216.5727105177407     
   2215.8754425359862     
   2.5980498519095733E-008
   2.2419934743163081E-007
   707.11624985032017     
   707.10424578024742     
   4.6913451852876329E-008
   1.0110287221331812E-008
   22173.063022875805     
   22173.104990914500     
   4.0053510268547248E-008
   1.5578305733208430E-007
   7051.3909026800748     
   7051.2935971332790     
   6.0970527942315355E-008
   1.1073183285836256E-007
   2216.2239962803546     
   2215.8754426922173     
   8.2472473209775075E-008
   1.3114364287326908E-007
   707.11023605281730     
   707.10424673190266     
   5.9353144379287068E-009
   3.2091360715293680E-009
   22173.118561974505     
   22173.104990955992     
   1.5218199465081662E-008
   1.9345541669653868E-007
   7051.2583635475221     
   7051.2935968687925     
   8.5099890431229277E-008
   4.7492240320319409E-008
   2215.7536463606175     
   2215.8754424381941     
   2.7751446064841942E-008
   2.9590255309098993E-008
   707.10212479820586     
   707.10424589990612     
   5.8421821592801446E-008
   1.1954730125624181E-008
   22173.181241565733     
   22173.104990952546     
   1.0326719410283210E-008
   1.2354220507337724E-008
   7051.1124083134555     
   7051.2935967655985     
   2.3906390094374533E-008
   1.2530643251155966E-008
   2214.9882501743227     
   2215.8754426294481     
   6.0929167551161140E-009
   3.4413169255922577E-008
   707.08890650154535     
   707.10424632691240     
   6.6401601075339246E-009
   8.4148795679380916E-009
   22173.219959956539     
   22173.104990952026     
   4.8424918372787944E-009
   3.8353906938890723E-008
   7051.0267879977118     
   7051.2935968642541     
   7.9688575917529792E-008
   2.5884327129604108E-008
   2214.2472017091800     
   2215.8754424860072     
   1.6926586158755250E-008
   7.2378372570393734E-008
   707.07609795803717     
   707.10424591912590     
   1.1450725848649441E-008
   1.9333426652107874E-008
   22173.231011463959     
   22173.104990939162     
   2.4794134694773243E-008
   1.7163630469399062E-007
   7051.0065134320866     
   7051.2935965879878     
   5.7297283731332582E-008
   9.5835593535208268E-008
   2213.9003181655212     
   2215.8754426348728     
   6.5925972796992102E-008
   5.0667609598213636E-008
   707.07009627635432     
   707.10424635528125     
   3.2704745002434454E-008
   3.3534179279248295E-008
   22173.232681637397     
   22173.104990994667     
   1.4409897968801241E-008
   3.3106462703194495E-007
   7051.0032328188599     
   7051.2935970389763     
   2.5817723881058523E-008
   1.9302462024307696E-007
   2213.8136443085991     
   2215.8754424020299     
   6.5883621154989517E-008
   3.5779750403774306E-008
   707.06858856051929     
   707.10424623605275     
   4.2295308827941031E-008
   2.1218720768164571E-008
   22173.233132744728     
   22173.104990927699     
   3.4922729280199297E-008
   3.5444347325388827E-007
   7051.0024481578785     
   7051.2935967569292     
   3.6463885899410548E-008
   2.5874172405511639E-007
   2213.7905547490309     
   2215.8754426058117     
   7.6153628213544625E-008
   1.6178503721399580E-008
   707.06818438469793     
   707.10424602990224     
   2.0534075516056323E-008
   1.3652718484494130E-008
   22173.233488112026     
   22173.104990942291     
   9.6650232645089787E-009
   1.8761764099521045E-007
   7051.0024564920814     
   7051.2935968080365     
   1.2413330940348549E-007
   1.7286941044256266E-007
   2213.7905735615382     
   2215.8754427103931     
   3.1621452165350408E-008
   7.7242326977934427E-008
   707.06818360161867     
   707.10424627784039     
   9.8115768506002291E-009
   2.7402399582697987E-008
   22173.233000653632     
   22173.104990935451     
   4.2891687757031528E-008
   9.9402527486130788E-008
   7051.0032577354095     
   7051.2935970486051     
   3.8888797558238490E-008
   1.0299825664224029E-007
   2213.8136901410653     
   2215.8754422941079     
   7.7938249344838319E-008
   5.0976157929583276E-008
   707.06858667344068     
   707.10424599673536     
   1.0293290391627445E-008
   1.5002896282646489E-008
   22173.230718553605     
   22173.104990948141     
   2.5485826177460971E-008
   6.6641562575655405E-008
   7051.0065269836359     
   7051.2935967804369     
   3.7790236693885405E-008
   6.7974856949384483E-008
   2213.9003729563883     
   2215.8754426880305     
   3.1036348187505287E-008
   2.2954996757452726E-008
   707.07009653882415     
   707.10424619200512     
   3.4188985475715760E-008
   1.3545637711116308E-008
   22173.219704720184     
   22173.104990956308     
   1.5106548564259189E-008
   5.2530229920450631E-008
   7051.0267565428512     
   7051.2935967662979     
   1.6263443045280119E-008
   3.2309229160441909E-008
   2214.2472428975866     
   2215.8754424976805     
   1.4720652454648099E-008
   3.1594268155796376E-008
   707.07609926634689     
   707.10424613990631     
   3.2729034785161531E-008
   1.0882675506944434E-008
   22173.181780629453     
   22173.104990946700     
   7.9680079791447517E-009
   4.6575107910326541E-008
   7051.1123011176614     
   7051.2935968600077     
   3.6151141491375823E-008
   2.3520660845446408E-008
   2214.9882676272932     
   2215.8754425917150     
   2.5410147227683213E-009
   6.4942825273504810E-008
   707.08890519018655     
   707.10424613668988     
   5.8127461989249448E-008
   2.0051025491404768E-008
   22173.120073844009     
   22173.104990950113     
   2.5669843289871851E-008
   5.9444404090822515E-008
   7051.2581284102389     
   7051.2935967932035     
   1.0795466661640152E-008
   1.5232277190500949E-007
   2215.7536551362937     
   2215.8754425332677     
   2.5394785422266237E-008
   7.1086643250409470E-008
   707.10213000598947     
   707.10424621359095     
   3.4791002485338210E-008
   3.1808480722128566E-008
   22173.064868187066     
   22173.104990961594     
   1.0710419087142458E-008
   2.4852393870304674E-008
   7051.3905742794786     
   7051.2935968202855     
   3.3893152227569516E-008
   2.0883980200075953E-007
   2216.2239945383690     
   2215.8754426196333     
   6.1870334564063769E-008
   1.9026379021554068E-007
   707.11025667579690     
   707.10424610520386     
   7.2379996462106371E-008
   2.5449425248368478E-008
   22173.017003340265     
   22173.104990957527     
   4.0613287015090478E-008
   5.2908879939220935E-008
   7051.5121742091360     
   7051.2935968507927     
   1.5430357595829639E-007
   2.1184575087436580E-007
   2216.5726976240694     
   2215.8754425340890     
   4.1460502256470131E-008
   2.4043183489319150E-007
   707.11628022050468     
   707.10424606568267     
   2.9925499445108497E-008
   1.5114442007897617E-008
   22172.962724822151     
   22173.104990903921     
   6.8779535320064957E-008
   1.3032168366540768E-007
   7051.6607293135421     
   7051.2935967143812     
   2.4740418170170182E-007
   8.9339801582894164E-008
   2216.9448501055062     
   2215.8754425470170     
   1.9460928763006681E-007
   1.1870232233368764E-007
   707.12270612194823     
   707.10424595674726     
   2.2362187974772037E-007
   6.1645007330618406E-009
   22172.960725470861     
   22173.171013970412     
   2.3947886456259383E-008
   1.0913141007995302E-006
   7051.6607281563111     
   7051.1350577944540     
   3.1578554588877228E-007
   1.4829893993808225E-007
   2216.9447943632249     
   2215.1218495087724     
   3.4390604652680739E-007
   1.9687835052398818E-007
   707.12266210590576     
   707.09122871506634     
   3.1514311933723726E-007
   3.3255982289481480E-009
   22173.015092013844     
   22173.171013937012     
   1.1264760750055220E-008
   5.6905348371713728E-007
   7051.5124253083923     
   7051.1350574386679     
   2.0941253436233542E-007
   8.9527199018835590E-008
   2216.5727102725309     
   2215.1218495616431     
   2.3936779356289341E-007
   1.3021310210220183E-007
   707.11624980105250     
   707.09122862474430     
   1.7766935077464493E-007
   3.2563988358016116E-009
   22173.063022556093     
   22173.171013960007     
   3.4405567110567619E-008
   3.7924262242584331E-007
   7051.3909009349773     
   7051.1350574553198     
   2.2691844251175916E-007
   6.2350200092832637E-008
   2216.2239958287505     
   2215.1218494913087     
   1.2381251535593803E-007
   1.3870751614702577E-007
   707.11023604499428     
   707.09122893264873     
   1.0419303343755996E-007
   4.4574498777326901E-009
   22173.118561991920     
   22173.171013942578     
   6.2148003438351745E-008
   1.8881163906478243E-007
   7051.2583625531224     
   7051.1350575664728     
   2.0032592084013076E-007
   1.0061430779783142E-008
   2215.7536464175746     
   2215.1218495294925     
   5.3917394983995044E-008
   7.7378786667560535E-008
   707.10212491255231     
   707.09122859051138     
   1.0265632298802083E-007
   6.1495093840699122E-009
   22173.181241747858     
   22173.171013944866     
   1.2265633534031356E-008
   7.4295607265054433E-008
   7051.1124081856788     
   7051.1350577407748     
   1.4761451225127952E-007
   5.1282038591727901E-008
   2214.9882503992603     
   2215.1218495501162     
   3.5180118971072292E-009
   5.2704340518688496E-008
   707.08890660939767     
   707.09122885973375     
   2.5216353101622453E-008
   6.6832485864502936E-009
   22173.219959940248     
   22173.171013949774     
   8.6449683422678495E-009
   4.0085460035921323E-008
   7051.0267875201225     
   7051.1350575627166     
   6.9979198816066082E-008
   2.2849519821514950E-008
   2214.2472017075625     
   2215.1218495648532     
   1.3649186003324217E-008
   2.9538539193733392E-008
   707.07609801031083     
   707.09122858712476     
   2.3714946071686493E-008
   1.5056696642949308E-008
   22173.231011334457     
   22173.171013951083     
   9.0999922532521586E-009
   3.0330339741288490E-007
   7051.0065130027397     
   7051.1350580374083     
   8.7916609020207801E-008
   1.1698944477852340E-007
   2213.9003177779737     
   2215.1218494471459     
   6.9462144778169787E-008
   3.2032844048439263E-008
   707.07009632802351     
   707.09122873612660     
   3.5492644387732718E-008
   2.4393209190341279E-008
   22173.232681480655     
   22173.171013926785     
   3.4731692274946038E-008
   6.5270287590651379E-007
   7051.0032329614860     
   7051.1350572386555     
   1.6056481149940405E-007
   1.4719482731478748E-007
   2213.8136436057271     
   2215.1218496573983     
   9.6169606171819625E-009
   1.0006798597245026E-007
   707.06858866261632     
   707.09122865977076     
   2.9760877250799539E-008
   1.6042452243473527E-008
   22173.233132526777     
   22173.171013970954     
   2.2093622763295989E-008
   6.1220960030768687E-007
   7051.0024481193741     
   7051.1350576419673     
   1.4831098176912860E-007
   1.2011641496796438E-007
   2213.7905540569782     
   2215.1218494695549     
   8.7025626656810862E-008
   1.1593768724655421E-007
   707.06818450709272     
   707.09122880636562     
   2.8511330049828535E-008
   8.4998722556807702E-009
   22173.233487758396     
   22173.171013942858     
   4.2251593358317746E-008
   3.2336090133920069E-007
   7051.0024559167678     
   7051.1350575729475     
   1.3122104373543861E-007
   1.1761088098741930E-007
   2213.7905731152782     
   2215.1218494675186     
   1.0391830460518386E-007
   7.8715844798826057E-008
   707.06818372825273     
   707.09122881536791     
   5.2271480531962968E-008
   8.2923560137596301E-009
   22173.233000334210     
   22173.171013954936     
   2.1501464821009704E-008
   9.2422184307046940E-008
   7051.0032568882671     
   7051.1350575589659     
   4.5714103185541698E-008
   5.2464834178106452E-008
   2213.8136900048589     
   2215.1218496272277     
   1.9286788640338238E-008
   1.2072884764841653E-007
   707.06858680505786     
   707.09122863409470     
   5.5190350764217681E-008
   5.1896094414363977E-009
   22173.230718589431     
   22173.171013943098     
   5.5670935285907777E-008
   2.1693220869038551E-008
   7051.0065265783051     
   7051.1350577757730     
   2.8828717286073604E-007
   6.1461699628738268E-009
   2213.9003730869099     
   2215.1218495540711     
   5.8233823352217055E-008
   7.4519215167440553E-008
   707.07009665074372     
   707.09122878587971     
   4.6681198826968844E-008
   3.2321970093798761E-009
   22173.219704904550     
   22173.171013947238     
   1.6949615585127054E-008
   5.1148087497417531E-008
   7051.0267566668799     
   7051.1350576766035     
   1.1133541709033830E-007
   3.2077604767413456E-008
   2214.2472431004571     
   2215.1218494962250     
   9.2139092220244397E-009
   1.9198936515356549E-008
   707.07609931451384     
   707.09122872298269     
   2.3951814432988842E-008
   4.6940392662854325E-009
   22173.181780658088     
   22173.171013945790     
   2.4384162394751725E-008
   1.4576247145231507E-008
   7051.1123010414476     
   7051.1350576143868     
   2.7869039589684521E-008
   1.9179639991235748E-008
   2214.9882677545170     
   2215.1218495969483     
   2.0710411594155542E-008
   8.0839285543381378E-008
   707.08890521366322     
   707.09122870059298     
   3.0802912176421769E-008
   1.9976851924161037E-008
   22173.120073726343     
   22173.171013954445     
   8.7296585595874292E-009
   2.9505380124646077E-008
   7051.2581282489837     
   7051.1350576628238     
   1.4193891836178398E-007
   8.0267219955558726E-008
   2215.7536550167292     
   2215.1218494380851     
   1.6761684627147572E-008
   1.3305089261525770E-007
   707.10213004983586     
   707.09122874320065     
   6.5610838632780965E-008
   2.5794733204884787E-008
   22173.064867993540     
   22173.171013940977     
   1.8951462545144506E-008
   3.9529494712725254E-008
   7051.3905742461893     
   7051.1350576004170     
   4.5491488135138677E-008
   5.6451902535094182E-008
   2216.2239942217298     
   2215.1218494941236     
   5.5650585512085253E-008
   2.3485288087916920E-007
   707.11025660917471     
   707.09122864096469     
   7.8257481256302053E-008
   1.6774685578297959E-008
   22173.017003185410     
   22173.171013956362     
   4.9355304017471762E-009
   1.8919762815738323E-008
   7051.5121736409492     
   7051.1350576391442     
   9.6033671340545132E-008
   3.1643566763225525E-008
   2216.5726974470563     
   2215.1218495863827     
   6.5475399161502595E-008
   1.9183089205096171E-007
   707.11627993910690     
   707.09122869667715     
   2.1570266345993609E-007
   1.5938377482084882E-008
   22172.962724687619     
   22173.171013951509     
   4.3980888556208896E-008
   1.2070399250382570E-007
   7051.6607284886231     
   7051.1350576749774     
   2.3795094581104053E-007
   8.5943830001713691E-008
   2216.9448501053917     
   2215.1218495533867     
   4.5996265977387684E-008
   1.0395303339150845E-007
   707.12270586449517     
   707.09122883495411     
   1.3659700293380922E-007
   1.1358325326632638E-008
   22172.960725389275     
   22173.213294347297     
   4.0845975997299453E-008
   1.8845711599880902E-006
   7051.6607273286136     
   7051.0373654061759     
   1.6225907566862608E-007
   9.5240569991277057E-008
   2216.9447960796638     
   2214.3879202692124     
   2.8190722885688274E-007
   2.3400406713669374E-007
   707.12266197635904     
   707.07853548049718     
   2.3911369210029746E-007
   8.7308204028355317E-009
   22173.015091968427     
   22173.213294353620     
   5.6827672681859386E-009
   9.8606908497157861E-007
   7051.5124246061405     
   7051.0373658301360     
   4.7224432047667737E-008
   7.9541729924689730E-008
   2216.5727106166260     
   2214.3879203071087     
   2.9490119124222300E-007
   1.3461876098103261E-007
   707.11624968162585     
   707.07853544596321     
   1.2061535608381385E-007
   9.3742914472770550E-009
   22173.063022529492     
   22173.213294357458     
   4.8810792973029938E-008
   5.4315848420161757E-007
   7051.3909002523815     
   7051.0373659011884     
   2.1460713121762908E-007
   4.2651041900097463E-008
   2216.2239961454093     
   2214.3879202828430     
   9.8145248423884876E-008
   1.7607188122735419E-007
   707.11023585297573     
   707.07853538979964     
   1.0892318236509821E-007
   7.0044489057393160E-009
   22173.118561884781     
   22173.213294354391     
   1.1791385696968524E-007
   1.7906856053334323E-007
   7051.2583615935273     
   7051.0373657417076     
   5.4172704924729668E-007
   6.1599659348789324E-008
   2215.7536461184732     
   2214.3879203552897     
   3.1648920925181731E-008
   1.1766782828849483E-007
   707.10212470539773     
   707.07853526294241     
   1.9132901669548914E-008
   8.1893334644979906E-009
   22173.181241634615     
   22173.213294352048     
   5.9602493736792148E-009
   7.8071258446898879E-008
   7051.1124075281414     
   7051.0373656574529     
   3.5767843288147439E-008
   4.2417549583074904E-008
   2214.9882500500089     
   2214.3879202489015     
   1.5146194631425254E-008
   1.9389961165057126E-008
   707.08890650876697     
   707.07853553283610     
   2.4226400170941090E-009
   9.3741590322650429E-009
   22173.219959962800     
   22173.213294351342     
   3.1831596403803873E-008
   1.4315036246986249E-007
   7051.0267872264076     
   7051.0373656688271     
   1.8262193447413877E-007
   6.3527525732836901E-008
   2214.2472015893472     
   2214.3879204001614     
   1.8915147915405117E-008
   8.6074857977708405E-008
   707.07609790086701     
   707.07853532945580     
   2.0347404803519594E-008
   1.2558541850838161E-008
   22173.231011421431     
   22173.213294342859     
   1.9077141062398543E-008
   5.7019112137570087E-007
   7051.0065120242498     
   7051.0373656617630     
   2.1506122083350313E-007
   9.5686756698295659E-008
   2213.9003180676455     
   2214.3879202959251     
   5.4916531912988300E-008
   2.0308807291098377E-007
   707.07009605873839     
   707.07853539667587     
   2.3001147256848702E-008
   1.7043345584200447E-008
   22173.232681555015     
   22173.213294356960     
   1.1157501148407383E-008
   1.0394598546335637E-006
   7051.0032312090661     
   7051.0373660204996     
   2.4231658293353716E-008
   6.8289001922772358E-008
   2213.8136442587283     
   2214.3879202882199     
   2.2444593608974625E-008
   2.5657043048492678E-007
   707.06858828403267     
   707.07853539111420     
   1.3848495053087196E-008
   1.1011109803194315E-008
   22173.233132622172     
   22173.213294359273     
   4.2294605037225198E-008
   9.3309264933854163E-007
   7051.0024462993142     
   7051.0373656874162     
   6.1833943705280489E-008
   1.8569075678091511E-008
   2213.7905546754337     
   2214.3879203665383     
   5.4376193732301779E-009
   2.1542730938918442E-007
   707.06818411789834     
   707.07853532930369     
   2.6503064773143980E-008
   5.1251258785582609E-009
   22173.233487907055     
   22173.213294349247     
   2.3147304051088425E-008
   4.4474081456497594E-007
   7051.0024542671872     
   7051.0373658069057     
   5.7902191865896989E-008
   3.1292585230533832E-008
   2213.7905735012769     
   2214.3879203410424     
   1.1261443455952331E-008
   1.8022729420079583E-007
   707.06818336316087     
   707.07853533376249     
   2.5433323660364254E-008
   8.8304361861229405E-009
   22173.233000464428     
   22173.213294353551     
   3.2072330356592702E-008
   7.7551419892767646E-008
   7051.0032553851379     
   7051.0373656834081     
   3.1850528374889555E-007
   1.9254712937847105E-008
   2213.8136900336058     
   2214.3879202720896     
   1.0768278938817479E-008
   1.4741754390942340E-007
   707.06858649845799     
   707.07853544698582     
   3.0938044503938873E-008
   8.1627290123449970E-009
   22173.230718574305     
   22173.213294355803     
   8.7726297717088928E-008
   1.0055543188050671E-007
   7051.0065253803423     
   7051.0373656087695     
   4.8494413168993375E-007
   6.9583090348031032E-008
   2213.9003728009584     
   2214.3879202794551     
   4.0396039889847692E-008
   5.3876456582884768E-008
   707.07009647914037     
   707.07853533130981     
   2.9578664053673783E-008
   6.7215211165652415E-009
   22173.219704841529     
   22173.213294355657     
   3.1246252507146645E-008
   9.2346919944580302E-008
   7051.0267561398341     
   7051.0373656836546     
   3.4503599115063375E-008
   5.4064671369246714E-008
   2214.2472427728849     
   2214.3879203070542     
   1.5435022751356112E-008
   2.9947521771664075E-008
   707.07609929052501     
   707.07853545658406     
   3.4500642725989283E-008
   1.1088067843631797E-008
   22173.181780679679     
   22173.213294346835     
   1.4308298990004999E-008
   2.2440669182969012E-008
   7051.1123008451950     
   7051.0373656970469     
   1.3568475012751327E-007
   2.8603053013325574E-008
   2214.9882674902124     
   2214.3879203292440     
   2.0820991505899612E-008
   1.1674972218388488E-007
   707.08890520883790     
   707.07853536592336     
   2.9527799082417577E-008
   2.4666170148356056E-008
   22173.120073806924     
   22173.213294341938     
   5.4440906214008883E-008
   3.8975545246919754E-008
   7051.2581275308758     
   7051.0373657250302     
   8.8602218394509948E-008
   5.5254468277581845E-008
   2215.7536549310198     
   2214.3879203684178     
   5.1536485440878258E-008
   2.0358980678431423E-007
   707.10213008548465     
   707.07853540816041     
   1.1001265043570505E-008
   2.8106214623822755E-008
   22173.064868103138     
   22173.213294358127     
   3.1268657638148369E-008
   8.7107083765373542E-008
   7051.3905731070690     
   7051.0373657863520     
   3.2119306398914881E-008
   1.6446585120747799E-007
   2216.2239943065283     
   2214.3879203163087     
   2.7500511839027241E-008
   2.9517847407573750E-007
   707.11025682176808     
   707.07853538090035     
   6.0221082572472313E-008
   2.2080577368710380E-008
   22173.017003277510     
   22173.213294362751     
   3.7079533180558419E-009
   5.4984266296692080E-008
   7051.5121727812266     
   7051.0373656143065     
   7.5333917344433118E-008
   2.2060015580385704E-007
   2216.5726974636586     
   2214.3879202482522     
   6.5590710939915114E-008
   2.3369232565446367E-007
   707.11628035132776     
   707.07853531861986     
   1.6539046445001038E-007
   2.5581792455909648E-008
   22172.962724795390     
   22173.213294346329     
   5.4271716292224163E-008
   1.8762967322809462E-007
   7051.6607277430967     
   7051.0373657860537     
   9.2638432148922743E-008
   2.2812836377394391E-007
   2216.9448500162348     
   2214.3879202274402     
   1.4568210623367827E-007
   1.3562239661887269E-007
   707.12270624223947     
   707.07853545682099     
   2.3075968489326170E-007
   2.2125899850138230E-008
   22172.960725751298     
   22173.228458215908     
   3.6652886286154213E-008
   1.9590691751067165E-006
   7051.6607304990257     
   7051.0078927760742     
   1.2517195489118144E-007
   1.1851805570413303E-007
   2216.9447940751597     
   2213.9548901125927     
   1.6984292101655327E-007
   1.1944500199076644E-007
   707.12266213347652     
   707.07105688894103     
   1.1553372863315514E-007
   1.9962102993430121E-008
   22173.015092345111     
   22173.228458217047     
   4.4564040466106714E-008
   8.9918225346523719E-007
   7051.5124279832326     
   7051.0078920031319     
   2.2200132106384561E-007
   1.2126865399639494E-007
   2216.5727102882693     
   2213.9548898124262     
   1.2295635035362734E-007
   1.0179988164012126E-007
   707.11624989228403     
   707.07105694431334     
   1.0014164409716887E-007
   1.6090146571778746E-008
   22173.063022841186     
   22173.228458204969     
   3.1306365046145379E-008
   3.8183504188961043E-007
   7051.3909037822950     
   7051.0078922292787     
   3.3948672858620998E-007
   1.0368556977722742E-007
   2216.2239959579656     
   2213.9548900428763     
   2.3375856948873493E-008
   1.1689740077720051E-007
   707.11023617446972     
   707.07105679880476     
   9.2779328944687639E-008
   8.8282012215483967E-009
   22173.118561982075     
   22173.228458217527     
   8.2589777568098101E-008
   1.2325227953962254E-007
   7051.2583642627815     
   7051.0078921735285     
   5.3997522959176385E-007
   8.0703301167294365E-008
   2215.7536466640390     
   2213.9548898684779     
   1.8018889658842976E-007
   7.8378013540947503E-008
   707.10212496193640     
   707.07105687959279     
   4.8926685829963858E-008
   1.6121902628277689E-009
   22173.181241569848     
   22173.228458216632     
   1.0004606057250182E-008
   7.0751576223352008E-008
   7051.1124086281752     
   7051.0078922606008     
   4.7120602938082293E-008
   5.3756679421317943E-008
   2214.9882505872210     
   2213.9548899630986     
   2.3110924028804192E-008
   5.3302759421565158E-008
   707.08890661129590     
   707.07105696284009     
   2.5430059306735084E-008
   3.8370866633699256E-009
   22173.219959893129     
   22173.228458218506     
   3.4899422298369310E-008
   1.8048928971328624E-007
   7051.0267885623098     
   7051.0078920539054     
   2.8078571784749881E-007
   6.7355188329966593E-009
   2214.2472018701278     
   2213.9548898101161     
   2.3490768435118198E-008
   1.2990488341235633E-007
   707.07609809336225     
   707.07105692235325     
   4.1795045208987199E-009
   1.1374858590987491E-008
   22173.231011405736     
   22173.228458211957     
   1.8038603355861334E-008
   6.1362292927647663E-007
   7051.0065151353410     
   7051.0078921037948     
   4.7897628648555026E-008
   7.9794584635705672E-008
   2213.9003178383009     
   2213.9548901116295     
   5.5035988991376229E-008
   2.3698411711359345E-007
   707.07009653609043     
   707.07105689931473     
   4.1219922094899955E-009
   1.3585333724489851E-008
   22173.232681608199     
   22173.228458219146     
   2.4274653798783908E-008
   9.8442572508289857E-007
   7051.0032353535134     
   7051.0078923253368     
   9.8053867723225814E-008
   1.2397633420489724E-007
   2213.8136435575734     
   2213.9548898264152     
   4.5381362988272956E-008
   2.3871360187680932E-007
   707.06858891150171     
   707.07105707791061     
   9.6125237634906402E-009
   9.8781920598462402E-009
   22173.233132685771     
   22173.228458195292     
   9.6902070799925020E-009
   8.5010751659395154E-007
   7051.0024505921210     
   7051.0078921017630     
   4.2986553956414553E-008
   1.7086752366770555E-007
   2213.7905540162515     
   2213.9548898886305     
   4.7006994835285676E-008
   1.3839274162462547E-007
   707.06818473593955     
   707.07105690309879     
   2.8416107396765038E-008
   9.0562973287084503E-009
   22173.233487964513     
   22173.228458228477     
   1.3911554452909550E-008
   2.8747125964634070E-007
   7051.0024585113943     
   7051.0078920008646     
   1.7605109056642536E-007
   1.3908335986470654E-007
   2213.7905731072783     
   2213.9548899323622     
   2.0695496860895792E-009
   8.6415123413254861E-008
   707.06818392459684     
   707.07105692455218     
   3.1160763185946341E-008
   1.0686746049877400E-008
   22173.233000478362     
   22173.228458208097     
   5.2447815680571271E-008
   2.0425119829826701E-007
   7051.0032592606367     
   7051.0078924459667     
   3.6151613697162465E-007
   1.0343734079587760E-007
   2213.8136900383720     
   2213.9548899501215     
   1.1933630569608421E-007
   2.6228589169578200E-008
   707.06858692711364     
   707.07105677241418     
   2.4634699352979143E-009
   7.8219543766577200E-009
   22173.230718488841     
   22173.228458217007     
   6.7549960515473394E-008
   2.0077712831427986E-007
   7051.0065277789790     
   7051.0078922347493     
   3.8248052081081959E-007
   1.1731948358286697E-007
   2213.9003731582916     
   2213.9548900112181     
   2.6581492557334464E-008
   1.7878175124695289E-008
   707.07009667163481     
   707.07105690712933     
   2.6675732610014978E-008
   8.2440163032113413E-009
   22173.219704741467     
   22173.228458219288     
   7.6019686723145767E-009
   4.8131043675603054E-008
   7051.0267567308247     
   7051.0078921142322     
   6.5016546058429908E-008
   3.8395106571519581E-008
   2214.2472432054037     
   2213.9548898860858     
   4.7229938712365661E-008
   4.4914120785167613E-008
   707.07609925661166     
   707.07105692162622     
   2.1664232383894459E-008
   1.0424934459673802E-008
   22173.181780611907     
   22173.228458217174     
   3.8593765665732026E-008
   3.7901246212337702E-008
   7051.1123014033474     
   7051.0078922889070     
   1.0872111166493147E-007
   2.2249265493157691E-008
   2214.9882678606377     
   2213.9548899201632     
   4.8302945725370883E-008
   1.1873951684354072E-007
   707.08890506556577     
   707.07105692232699     
   6.9879199526549532E-009
   2.8602152111152735E-008
   22173.120073752078     
   22173.228458213271     
   2.6645966331246870E-008
   6.3449009122507216E-008
   7051.2581293366165     
   7051.0078918804084     
   5.5700456332558432E-008
   2.4482623798759151E-007
   2215.7536550491686     
   2213.9548899411620     
   9.1582255722173863E-008
   1.9809599130065127E-007
   707.10212985759415     
   707.07105698681130     
   4.8137678233718142E-008
   2.9993480497343061E-008
   22173.064868065056     
   22173.228458215697     
   2.1156794190125756E-008
   1.3919408180387341E-008
   7051.3905755018905     
   7051.0078922740540     
   1.3784822818578139E-007
   3.2593350273955072E-007
   2216.2239942264368     
   2213.9548900325099     
   1.1633790428135903E-007
   1.8630643442287110E-007
   707.11025646040616     
   707.07105697477357     
   8.3032747409871192E-008
   2.0467648425354372E-008
   22173.017003243447     
   22173.228458198391     
   3.3175640459414653E-008
   7.8711283790268349E-008
   7051.5121749687059     
   7051.0078924695490     
   6.7604340222794219E-008
   3.1928802146939709E-007
   2216.5726974792969     
   2213.9548898985886     
   8.6764823800967143E-008
   1.1269273834614879E-007
   707.11627989406236     
   707.07105701429816     
   1.4490561264077027E-007
   2.2092576921234676E-008
   22172.962724693622     
   22173.228458225130     
   3.1563489035896168E-008
   2.1470302636286889E-007
   7051.6607299014058     
   7051.0078918457893     
   1.5314949346736232E-007
   2.3559502436745075E-007
   2216.9448501130091     
   2213.9548900078630     
   8.6865516504943388E-008
   1.9341816369538965E-008
   707.12270593782739     
   707.07105677043990     
   2.1169022578333536E-007
   4.4648649659787012E-008
   22172.960725233275     
   22173.232256622516     
   1.3076844416179668E-008
   1.8280771708808428E-006
   7051.6607250284642     
   7051.0026838056338     
   9.4822327282939837E-008
   2.3547323846470461E-007
   2216.9447961018154     
   2213.8134209710202     
   1.7959627335787031E-007
   1.0194521137572755E-007
   707.12266199056614     
   707.06862039975204     
   1.4438168903973798E-007
   4.4685594744080940E-008
   22173.015091773672     
   22173.232256617583     
   1.2799578066767614E-008
   5.5385716849145440E-007
   7051.5124222576796     
   7051.0026844087397     
   1.3384318644517627E-007
   1.4189985530474469E-007
   2216.5727104478024     
   2213.8134214451666     
   1.2808105834087067E-007
   1.0324063209768904E-007
   707.11624963650945     
   707.06862037709845     
   1.7180768922993936E-007
   3.1379664183288810E-008
   22173.063022394577     
   22173.232256634641     
   1.3587634575900324E-008
   1.2521855016036085E-007
   7051.3908982153507     
   7051.0026838848880     
   1.0866010241439687E-007
   1.9092727952870275E-007
   2216.2239959679441     
   2213.8134211342008     
   1.5323597338845195E-007
   9.1712247191514457E-008
   707.11023578092284     
   707.06862064476843     
   7.2634467803978303E-008
   1.6505108164029858E-008
   22173.118561988260     
   22173.232256622272     
   8.3227246296160415E-009
   1.4196690720913233E-007
   7051.2583608202658     
   7051.0026839983375     
   6.3645988525457440E-008
   7.0897881227090151E-008
   2215.7536459292319     
   2213.8134212422760     
   2.8303726991943713E-008
   8.6593721228261464E-008
   707.10212469985879     
   707.06862031257151     
   6.2847318405758252E-008
   9.2252781749732445E-009
   22173.181241825576     
   22173.232256621661     
   1.0376112096392554E-008
   6.9241420015486812E-008
   7051.1124074412219     
   7051.0026842491434     
   1.6779911328126247E-007
   3.8168898303044430E-008
   2214.9882498901893     
   2213.8134212097711     
   1.8624618886576833E-008
   5.6530573530653977E-008
   707.08890652416142     
   707.06862041627039     
   4.1878629425767655E-009
   5.7142517063984736E-009
   22173.219959994742     
   22173.232256628660     
   5.4201992995666348E-009
   1.2771648694646050E-007
   7051.0267859825835     
   7051.0026841142944     
   8.2320719799111039E-008
   1.8364372260494132E-007
   2214.2472014591604     
   2213.8134212801588     
   3.9379497033589437E-008
   8.4152424751912300E-008
   707.07609786999819     
   707.06862045646665     
   1.4721338312677210E-008
   1.7301905446763268E-008
   22173.231011329404     
   22173.232256625291     
   4.0640889086190584E-009
   4.2108738143663166E-007
   7051.0065098571204     
   7051.0026844820322     
   3.7048260431541436E-007
   2.0575485330639773E-007
   2213.9003180267910     
   2213.8134209998043     
   3.2058827492105923E-008
   1.6090885030492168E-007
   707.07009596976673     
   707.06862036732139     
   2.2249545526285712E-008
   2.3730608540386242E-008
   22173.232681413789     
   22173.232256611776     
   1.7610925522344215E-008
   6.1351321778819827E-007
   7051.0032292214310     
   7051.0026837466730     
   2.1919782999581960E-007
   2.5906767412856296E-007
   2213.8136442954456     
   2213.8134213449403     
   4.0271355500755444E-008
   4.3334708558722424E-008
   707.06858816552767     
   707.06862026540944     
   1.7527132350597152E-008
   1.6808131775277768E-008
   22173.233132464396     
   22173.232256632749     
   7.4434440207556996E-009
   4.3007827214565068E-007
   7051.0024444554583     
   7051.0026842376410     
   9.3696974275300048E-008
   2.2489167576349365E-007
   2213.7905547067958     
   2213.8134212769041     
   3.9737344429097816E-008
   7.3465216068396685E-008
   707.06818402313843     
   707.06862054014073     
   2.5233645973594773E-008
   1.3413826851350720E-008
   22173.233487736656     
   22173.232256615851     
   1.0634437775446685E-008
   1.4918085031367713E-007
   7051.0024525329636     
   7051.0026843037476     
   9.7702222369084464E-008
   2.2731052429501272E-007
   2213.7905735160462     
   2213.8134211943579     
   1.7806504958703004E-008
   1.0768812852691002E-007
   707.06818329609598     
   707.06862062522703     
   1.5004315287445221E-008
   8.7470968424593661E-009
   22173.233000380573     
   22173.232256626809     
   1.0902783676317119E-009
   4.4859763814215239E-007
   7051.0032540748371     
   7051.0026836710958     
   7.5314274625770144E-009
   1.4662376294018620E-007
   2213.8136900610307     
   2213.8134212292330     
   3.1551676428364883E-008
   9.0993267325386425E-008
   707.06858648488219     
   707.06862037830092     
   1.2466862387654338E-008
   6.6081956456417812E-009
   22173.230718677267     
   22173.232256617677     
   5.2426691538557881E-009
   2.5680194284410722E-007
   7051.0065250275084     
   7051.0026841191730     
   9.2271763892670296E-008
   1.2021944712989111E-007
   2213.9003728171583     
   2213.8134212254390     
   2.2668786093032941E-008
   2.9686578721121878E-008
   707.07009652951410     
   707.06862039890575     
   3.2468041808982004E-008
   6.5562348892025589E-009
   22173.219704961943     
   22173.232256623825     
   6.2871287018506644E-009
   5.6296760678347541E-008
   7051.0267563390044     
   7051.0026842689676     
   6.2304339391014084E-008
   3.8093684453936433E-008
   2214.2472427495754     
   2213.8134211984370     
   7.8609383033889178E-009
   6.0160082272567153E-008
   707.07609937912332     
   707.06862043883234     
   3.2236164466693864E-009
   1.1755901201279942E-008
   22173.181780695522     
   22173.232256626881     
   2.4865970191595160E-008
   5.4709717491749786E-008
   7051.1123004643250     
   7051.0026840575347     
   5.4672758931488417E-008
   1.0230486183115866E-007
   2214.9882674916817     
   2213.8134212882733     
   3.9025083078052548E-008
   6.3349477472562702E-008
   707.08890530965880     
   707.06862038830081     
   3.4607243781403962E-008
   1.9451567168468248E-008
   22173.120073785820     
   22173.232256631032     
   1.4169742207390496E-008
   9.3006524913747857E-008
   7051.2581267008236     
   7051.0026845246284     
   1.9714786385485542E-007
   3.2143686681447555E-007
   2215.7536549589622     
   2213.8134210158719     
   3.4162041003785048E-008
   6.7226370578545223E-008
   707.10213007950108     
   707.06862037296514     
   6.8536979619178070E-008
   1.5218521729255430E-008
   22173.064868079480     
   22173.232256619765     
   1.5799164173843484E-008
   2.1740836865672979E-007
   7051.3905724217711     
   7051.0026837057258     
   4.9430899749980010E-008
   2.8852941573094814E-007
   2216.2239942634192     
   2213.8134211316687     
   7.1528853256605310E-008
   7.9415325378481056E-008
   707.11025665462341     
   707.06862044424099     
   8.6626867363505770E-008
   8.8311913494032101E-010
   22173.017003274013     
   22173.232256635740     
   2.5750300403931936E-008
   3.0642430211021667E-007
   7051.5121720923498     
   7051.0026839205930     
   5.5697263481414253E-008
   2.2977878946317372E-007
   2216.5726973349288     
   2213.8134214447482     
   1.8205553494007632E-008
   1.2563820412556464E-007
   707.11628003567193     
   707.06862044087563     
   1.1098601124578853E-007
   4.9420980870758153E-009
   22172.962724860863     
   22173.232256611020     
   9.0649399291164344E-009
   2.5738713917132359E-007
   7051.6607270126296     
   7051.0026846272613     
   1.2067223563864909E-007
   1.4345385028971311E-007
   2216.9448499148884     
   2213.8134212695090     
   5.2201075030460270E-008
   2.2145458677297222E-007
   707.12270582607778     
   707.06862060439755     
   1.0852658744772904E-007
   6.0711911117744504E-008
   22172.960725659006     
   22173.228769418234     
   1.7596319509466194E-008
   1.0758547203471042E-006
   7051.6607299308880     
   7051.0081072021949     
   1.8202470760116370E-007
   2.4168544519069712E-007
   2216.9447942631905     
   2213.9548675934270     
   5.3280132272256562E-007
   4.9329548897921086E-008
   707.12266211000212     
   707.07107251170066     
   1.5908414646329758E-007
   5.7029484923086357E-008
   22173.015092230824     
   22173.228769420693     
   5.0104511583625294E-009
   4.1707366694702789E-008
   7051.5124272730964     
   7051.0081071490804     
   7.1768542041859328E-008
   6.9905983553886539E-008
   2216.5727103842951     
   2213.9548673672471     
   2.9882315285732760E-007
   7.9666405974137090E-008
   707.11624983400418     
   707.07107234033401     
   9.7129051635863566E-008
   3.5828527868658043E-008
   22173.063022717051     
   22173.228769416462     
   4.4714943258462051E-008
   2.0253945803703149E-007
   7051.3909028223861     
   7051.0081076197330     
   4.7137105323761511E-007
   2.6479739015359989E-007
   2216.2239960602333     
   2213.9548674551852     
   7.7026820428817154E-008
   1.0170077185370985E-007
   707.11023610227983     
   707.07107245722864     
   3.7299077343212129E-008
   1.8163730069440968E-008
   22173.118561910269     
   22173.228769424095     
   1.2509157521824980E-007
   9.1129758901113266E-008
   7051.2583635185574     
   7051.0081072627627     
   6.8846343799274896E-007
   8.1972367528205083E-008
   2215.7536466803695     
   2213.9548675377441     
   2.8075934343918741E-008
   5.4424386593959417E-008
   707.10212490434367     
   707.07107236648869     
   4.5452011220184966E-008
   1.3855040509834718E-008
   22173.181241576258     
   22173.228769419060     
   7.9335297745692378E-009
   1.2629556323070227E-007
   7051.1124086449554     
   7051.0081071229970     
   3.5256326126708300E-008
   5.3506624566965239E-008
   2214.9882506137269     
   2213.9548674588450     
   3.2361007323672041E-008
   5.0119313711013463E-008
   707.08890656669348     
   707.07107244472002     
   1.7858997914870622E-008
   6.0508548617806632E-009
   22173.219959929276     
   22173.228769419311     
   3.3915142864069124E-008
   8.9810782852216682E-008
   7051.0267890793402     
   7051.0081071552240     
   2.5430701404292395E-007
   2.3454864662598898E-007
   2214.2472018978915     
   2213.9548674897014     
   1.2991423071232385E-008
   3.7155922477727410E-008
   707.07609805115919     
   707.07107234452553     
   1.4877900778730039E-008
   1.8381453056429060E-008
   22173.231011428052     
   22173.228769423597     
   3.2563910060772262E-008
   4.0895619041686633E-008
   7051.0065150863293     
   7051.0081067974052     
   4.1530669019956868E-007
   1.2846424537595800E-007
   2213.9003178377011     
   2213.9548675280116     
   1.8554454641164955E-008
   4.9047683848546852E-008
   707.07009647478071     
   707.07107242285042     
   2.8824654145962376E-008
   2.6332350365001240E-008
   22173.232681601399     
   22173.228769435271     
   7.1947978809374989E-009
   2.1815697758423246E-007
   7051.0032344855163     
   7051.0081077830746     
   3.9889022329321567E-008
   2.4230219866141947E-007
   2213.8136435479551     
   2213.9548674246139     
   8.1088933659210827E-009
   1.4644819833053387E-007
   707.06858882593190     
   707.07107253270317     
   2.7295714076727464E-008
   1.7874956442536733E-008
   22173.233132668862     
   22173.228769419704     
   1.4829584129410992E-008
   3.4163214832432519E-007
   7051.0024494841191     
   7051.0081072114781     
   6.6031246247466059E-008
   1.7272113466596969E-007
   2213.7905540257316     
   2213.9548674260191     
   7.4880589870248627E-009
   1.7585628803693841E-007
   707.06818463632362     
   707.07107232032513     
   1.7557967098913120E-008
   1.1265154891087936E-008
   22173.233487926944     
   22173.228769419424     
   1.0843537591453167E-008
   5.2309152455868914E-007
   7051.0024572812081     
   7051.0081071036493     
   1.4713752991066491E-007
   1.6418146622938664E-007
   2213.7905731197757     
   2213.9548674713355     
   2.1690499394981870E-009
   1.7391826625410890E-007
   707.06818382117524     
   707.07107221503645     
   2.0224813388437419E-008
   2.3129301611271201E-009
   22173.233000428103     
   22173.228769419318     
   5.8401363211453286E-008
   4.6877173865349543E-007
   7051.0032580725401     
   7051.0081076840061     
   5.4042100568050257E-007
   1.5794920350522543E-007
   2213.8136900369814     
   2213.9548674214593     
   7.4240327973508694E-008
   7.5005996449458024E-008
   707.06858683914925     
   707.07107256084191     
   2.7038053693612828E-008
   7.4366087692239223E-009
   22173.230718498737     
   22173.228769422294     
   8.4371441349124912E-008
   2.3946439344090569E-007
   7051.0065270275127     
   7051.0081070298638     
   4.9444643997158627E-007
   1.0982498527697507E-007
   2213.9003731568173     
   2213.9548674468638     
   6.8472156230379686E-009
   1.9454454340926290E-008
   707.07009661252755     
   707.07107237413243     
   2.0196595960420095E-008
   1.1165974728149711E-008
   22173.219704784278     
   22173.228769422483     
   3.6084353558892327E-008
   1.5226904665244212E-008
   7051.0267565683325     
   7051.0081070968845     
   2.4461131590142365E-008
   6.9096999231999329E-008
   2214.2472431906781     
   2213.9548674792977     
   2.4121693149055313E-008
   9.4322537285671733E-009
   707.07609924176063     
   707.07107243484518     
   2.0863290919201990E-008
   1.9557510062216318E-009
   22173.181780619758     
   22173.228769414050     
   1.3151366142172817E-008
   9.6255723877884917E-008
   7051.1123015244575     
   7051.0081072784351     
   1.1360648219590396E-007
   4.3739317041556830E-008
   2214.9882678763256     
   2213.9548674875996     
   2.2646938042159991E-008
   4.7278712650636993E-008
   707.08890516601286     
   707.07107238507331     
   2.2682740867778970E-008
   1.6276281293442451E-008
   22173.120073726790     
   22173.228769417743     
   3.1989211249424720E-008
   2.5286370325363702E-007
   7051.2581290916214     
   7051.0081068009285     
   2.3637127735899958E-007
   1.2728012344446718E-007
   2215.7536551631320     
   2213.9548675300957     
   1.2308518543411980E-008
   9.1185599444587829E-008
   707.10213011230610     
   707.07107232071064     
   6.6226594963727231E-008
   2.4330995516257591E-008
   22173.064868016645     
   22173.228769433634     
   2.1579218211582429E-008
   4.4240061051431590E-007
   7051.3905747734998     
   7051.0081077608274     
   1.0798782952225667E-008
   1.8838364986150487E-007
   2216.2239944170519     
   2213.9548675175042     
   4.6770655351318768E-008
   1.5198037026536124E-007
   707.11025681705121     
   707.07107245518080     
   3.8261261891689809E-008
   2.8956470222990012E-008
   22173.017003200377     
   22173.228769419100     
   7.3305085702251964E-009
   5.5804086045738835E-007
   7051.5121742060783     
   7051.0081071685345     
   3.6561997106339331E-008
   1.5187221614588971E-007
   2216.5726977009849     
   2213.9548672283586     
   3.5201550825403989E-008
   1.6583169156841723E-007
   707.11628030102975     
   707.07107228463542     
   3.2061346519977707E-008
   2.7815164878379698E-008
   22172.962724655583     
   22173.228769431043     
   2.2670643506477253E-008
   2.6980366262266100E-007
   7051.6607292029230     
   7051.0081069552562     
   6.1155725861814589E-008
   2.2670576828440542E-007
   2216.9448502754567     
   2213.9548673578074     
   1.7634178738640158E-007
   1.8592491000793893E-007
   707.12270631438798     
   707.07107244534575     
   7.5397591119073731E-008
   6.1533969327489957E-008
   22172.960725531284     
   22173.213820874938     
   5.3495289488737269E-009
   5.9814724647476505E-007
   7051.6607283314770     
   7051.0377929403148     
   2.5163689787783839E-007
   3.1480788459457599E-007
   2216.9447958854903     
   2214.3878964092305     
   5.4473364275014520E-007
   9.1649595052992145E-008
   707.12266210477753     
   707.07856015679522     
   5.3250560289624669E-008
   5.3166272548296221E-008
   22173.015092153815     
   22173.213820869729     
   3.9083635934146872E-008
   2.8453665218171113E-007
   7051.5124257470015     
   7051.0377925246776     
   1.5686344064086002E-007
   1.7837949911341683E-007
   2216.5727105437004     
   2214.3878960667948     
   2.4236918210713544E-007
   1.1032208365916047E-007
   707.11624981594719     
   707.07856038449540     
   1.0580243771928125E-007
   3.1967564188693370E-008
   22173.063022720231     
   22173.213820865592     
   7.7751024806424719E-008
   2.6709302057073666E-007
   7051.3909015761810     
   7051.0377923437154     
   4.6347078088360908E-007
   3.7071161615024464E-007
   2216.2239959948715     
   2214.3878963829211     
   1.1141279771214795E-007
   1.4748497872398106E-007
   707.11023599129555     
   707.07856019987889     
   8.6543043424669160E-008
   1.8652196005558531E-008
   22173.118561967458     
   22173.213820869365     
   1.4520917474554780E-007
   8.2417471482312079E-008
   7051.2583624905747     
   7051.0377925496332     
   6.8040843144092085E-007
   9.8197507361344707E-008
   2215.7536460704769     
   2214.3878962179497     
   1.4322806266616481E-007
   8.8216954391539928E-008
   707.10212481399856     
   707.07856025955039     
   4.0830680796396736E-008
   1.2884529671671392E-008
   22173.181241601578     
   22173.213820871639     
   6.7901679384862775E-009
   1.6111125677475866E-007
   7051.1124074341942     
   7051.0377926724286     
   2.4879510285975476E-008
   7.6370237767092639E-008
   2214.9882499606201     
   2214.3878963131583     
   2.2998589732356665E-008
   7.1655906995890974E-008
   707.08890655953610     
   707.07856031187828     
   1.4997935453111036E-008
   4.5308757342415512E-009
   22173.219959923172     
   22173.213820869405     
   5.4795014992479297E-008
   1.9703637473192546E-007
   7051.0267867181246     
   7051.0377925402199     
   3.2955282737010535E-007
   2.0668302890032190E-007
   2214.2472014775590     
   2214.3878962265749     
   3.8216754682441553E-008
   5.7261196544534071E-008
   707.07609791551545     
   707.07856033009682     
   2.2836493404261064E-008
   1.7377133564067238E-008
   22173.231011427277     
   22173.213820861682     
   2.5803809611588413E-008
   4.6172057467207072E-007
   7051.0065124285284     
   7051.0377925847006     
   1.7970602916437292E-007
   1.0603561197004760E-007
   2213.9003180168343     
   2214.3878964853207     
   5.3062982844135391E-008
   1.0525820175985525E-007
   707.07009611587262     
   707.07856012365528     
   3.6077686432964371E-008
   2.4897362475753344E-008
   22173.232681603193     
   22173.213820875852     
   2.5010253329708602E-008
   6.0657557472882151E-007
   7051.0032326636401     
   7051.0377923590877     
   2.2373479013179672E-008
   2.9018371652092166E-007
   2213.8136442464402     
   2214.3878961392152     
   2.6725804446333663E-008
   1.7608280407680718E-007
   707.06858840086250     
   707.07856033922405     
   1.6734630078350311E-008
   1.9282382606295020E-008
   22173.233132683039     
   22173.213820871741     
   1.8181257688612572E-008
   7.5076921395485897E-007
   7051.0024480409093     
   7051.0377924412041     
   5.8418824122010694E-008
   2.1717673371946097E-007
   2213.7905546514985     
   2214.3878962568483     
   3.6092985015232554E-008
   1.6313478833986687E-007
   707.06818425441861     
   707.07856031152983     
   2.4077824344698055E-008
   8.4248655096739942E-009
   22173.233487997386     
   22173.213820876859     
   1.7216325263388271E-008
   6.9335098002413033E-007
   7051.0024560944403     
   7051.0377926211831     
   1.8624093730411753E-007
   1.4906589406511116E-007
   2213.7905734706183     
   2214.3878962872668     
   1.5980550807432329E-008
   1.5349208158551302E-007
   707.06818350126241     
   707.07856040412923     
   3.2536193745681028E-008
   6.5486320231237734E-009
   22173.233000559794     
   22173.213820872050     
   7.3296088639909369E-008
   3.8612023996401718E-007
   7051.0032570603416     
   7051.0377923607730     
   5.1822785483193670E-007
   2.2917726424951943E-007
   2213.8136900123914     
   2214.3878963063703     
   8.6039297355402676E-008
   4.6563816969180677E-008
   707.06858661394074     
   707.07856016204698     
   3.9663226863288186E-008
   1.1356244674652841E-008
   22173.230718565643     
   22173.213820868732     
   1.1153958469867022E-007
   3.1669997404337056E-007
   7051.0065263949791     
   7051.0377927651061     
   5.5494242690878782E-007
   9.8433033068267937E-008
   2213.9003727805971     
   2214.3878963456405     
   7.5192175279623568E-009
   2.2610824158903619E-008
   707.07009654218461     
   707.07856024444675     
   4.9443332001743824E-008
   8.8679491830826683E-009
   22173.219704786137     
   22173.213820872199     
   1.7605850338200371E-008
   8.5223513037555260E-008
   7051.0267563094330     
   7051.0377924751047     
   3.2577399575646211E-008
   2.3023690574840506E-008
   2214.2472427410071     
   2214.3878961948453     
   3.9227839631367027E-008
   6.2378898007425785E-008
   707.07609928536215     
   707.07856031058839     
   2.5264738715097170E-008
   1.2578335741133000E-008
   22173.181780657007     
   22173.213820871286     
   3.4459676096340986E-008
   1.6464654896891509E-007
   7051.1123007007991     
   7051.0377926435804     
   1.7977769367885552E-007
   5.9575167495402320E-008
   2214.9882674091650     
   2214.3878963571083     
   4.9148089787327100E-008
   4.1827499242657937E-008
   707.08890511595666     
   707.07856033622488     
   5.6255832787875786E-008
   3.7207822497577846E-008
   22173.120073812770     
   22173.213820864723     
   1.3307840996693582E-008
   4.2264004614517566E-007
   7051.2581279698225     
   7051.0377926324991     
   1.7877094498505439E-007
   1.8424886052708999E-007
   2215.7536547889931     
   2214.3878963048269     
   1.2512077033189240E-007
   6.7748083556345681E-008
   707.10212988000171     
   707.07856017807012     
   3.3425960831346206E-008
   4.2990036012457461E-008
   22173.064868146346     
   22173.213820868663     
   2.3086474184154738E-008
   6.5051727712646292E-007
   7051.3905742117022     
   7051.0377920268256     
   4.3868204092333220E-008
   2.2649548847202191E-007
   2216.2239941141902     
   2214.3878962160925     
   9.4642744363436870E-008
   1.0063455500267334E-007
   707.11025650730164     
   707.07856028115134     
   4.9379520237437571E-008
   3.8371835861439103E-008
   22173.017003320001     
   22173.213820866080     
   5.2191780536928808E-009
   7.6427496797451402E-007
   7051.5121739663746     
   7051.0377927968821     
   8.9259646384682335E-008
   1.3775563434081567E-007
   2216.5726972445136     
   2214.3878963307029     
   5.4911785469605068E-008
   1.0775719341181464E-007
   707.11627994439300     
   707.07856038179261     
   1.0597907376264226E-007
   3.3505759362277277E-008
   22172.962724851855     
   22173.213820868667     
   2.4731876607455408E-008
   2.5964229964569061E-007
   7051.6607287970173     
   7051.0377923963943     
   9.3021005988615406E-008
   2.5848531014075762E-007
   2216.9448498984666     
   2214.3878964001688     
   1.8190950512776226E-007
   1.1352925272961106E-007
   707.12270585834676     
   707.07856019946871     
   1.5051813297155275E-007
   4.3833107591685128E-008
   22172.960725361972     
   22173.171681614785     
   1.6192427438065625E-008
   3.4345974074846874E-007
   7051.6607265504317     
   7051.1356880863768     
   1.5786601927422235E-007
   3.5792190365564589E-007
   2216.9447943762802     
   2215.1218273030977     
   5.7100135525236114E-007
   1.7045395741605655E-007
   707.12266194679626     
   707.09122450699169     
   1.8257980620000464E-007
   3.3050931737206355E-008
   22173.015091846264     
   22173.171681608328     
   2.6288794175439663E-008
   2.0700535858867071E-007
   7051.5124236854508     
   7051.1356883953131     
   1.6127283675069933E-008
   3.0796996237604535E-007
   2216.5727101947996     
   2215.1218279531222     
   2.6481430881377998E-007
   1.1409842435529121E-007
   707.11624966897091     
   707.09122435120332     
   8.1907594069339061E-008
   2.2704648072067175E-008
   22173.063022391445     
   22173.171681608790     
   2.8651009717353019E-008
   1.5419910935556110E-007
   7051.3908994485801     
   7051.1356884539246     
   3.7659405433541907E-007
   4.3532999664227915E-007
   2216.2239959553040     
   2215.1218272877954     
   3.6738451742849075E-008
   9.5734746687560858E-008
   707.11023591926221     
   707.09122445929222     
   6.8660133891280493E-008
   1.2708089163150071E-008
   22173.118561971922     
   22173.171681607753     
   1.6423717372668016E-007
   8.5798552738942443E-009
   7051.2583618406697     
   7051.1356882190221     
   5.4712132582606664E-007
   1.6647939060696076E-007
   2215.7536464885388     
   2215.1218274115536     
   4.1529949571970845E-008
   9.2072432821965534E-008
   707.10212482635609     
   707.09122445843798     
   3.5946787620515498E-008
   2.8677262613402239E-009
   22173.181241851940     
   22173.171681609932     
   1.1143666296485415E-008
   7.4516874372883833E-008
   7051.1124084428029     
   7051.1356883714607     
   6.2989509029989588E-008
   4.0255673505048469E-008
   2214.9882505371884     
   2215.1218274627781     
   5.5607663605033238E-008
   5.3565970814517769E-008
   707.08890659306576     
   707.09122435298946     
   1.3028456079770209E-008
   4.4370866030076574E-009
   22173.219959976745     
   22173.171681615549     
   7.1210051280695257E-008
   2.8538123615223582E-007
   7051.0267877606484     
   7051.1356884814995     
   2.3015060142464955E-007
   1.6456227153476088E-007
   2214.2472018651852     
   2215.1218275569222     
   5.8077959134371615E-008
   8.3776201034244559E-008
   707.07609802815409     
   707.09122463329254     
   1.5563224808027620E-008
   1.3533710128918563E-008
   22173.231011268035     
   22173.171681603657     
   6.0526384790738337E-009
   5.5001389385508974E-007
   7051.0065121537882     
   7051.1356884047955     
   1.0888486480647637E-008
   1.4004855302428153E-007
   2213.9003178198104     
   2215.1218271736693     
   3.9304045830146548E-008
   9.6226568690111173E-008
   707.07009631513142     
   707.09122420840072     
   1.7995889123719431E-008
   1.7791006657387504E-008
   22173.232681363901     
   22173.171681595803     
   1.6191811023224856E-008
   5.6276506860623075E-007
   7051.0032311827463     
   7051.1356881727488     
   8.0076962823713883E-008
   3.2526513718350793E-007
   2213.8136435543115     
   2215.1218278604779     
   6.3401116184856335E-008
   1.7215250411977831E-007
   707.06858859273939     
   707.09122453981331     
   2.1656425996642311E-008
   1.6118158934972940E-008
   22173.233132394518     
   22173.171681613352     
   1.7420295498474649E-008
   7.1283810738673982E-007
   7051.0024461214207     
   7051.1356887064303     
   1.3767050216102394E-008
   2.6431789466079302E-007
   2213.7905540061311     
   2215.1218275140291     
   5.1256938707498537E-008
   1.6352989434383176E-007
   707.06818442016265     
   707.09122442704768     
   3.3061674074729519E-008
   5.5665229907551644E-009
   22173.233487603538     
   22173.171681608703     
   3.5416058069299481E-008
   5.4181661171056202E-007
   7051.0024539807764     
   7051.1356880974809     
   1.6507257865600628E-007
   1.5581090100426762E-007
   2213.7905730851676     
   2215.1218275260781     
   1.4927049689404322E-008
   1.2288387152738496E-007
   707.06818364902847     
   707.09122448155392     
   2.8121124753864505E-008
   1.5064210603441190E-008
   22173.233000194443     
   22173.171681602624     
   6.6576677179426255E-008
   1.9182457281628805E-007
   7051.0032553034971     
   7051.1356886585436     
   4.9057862263060329E-007
   2.3169357473714037E-007
   2213.8136900046052     
   2215.1218276270793     
   1.5666361868307182E-007
   6.5756288851432088E-008
   707.06858675347110     
   707.09122445705702     
   4.5529535751888779E-008
   1.5430883919149101E-008
   22173.230718597963     
   22173.171681604588     
   1.7212888688818435E-007
   3.3478216557124723E-007
   7051.0065258177710     
   7051.1356881898328     
   4.9633379352995473E-007
   2.3844006729398623E-008
   2213.9003731134926     
   2215.1218274460748     
   6.0258099801491530E-008
   3.0563482305141193E-008
   707.07009664477891     
   707.09122446018955     
   3.8359678819954128E-008
   2.7277256464913380E-009
   22173.219704993724     
   22173.171681615804     
   1.0349928541138372E-008
   9.5152253489178053E-008
   7051.0267567382052     
   7051.1356883185663     
   1.6596290492246734E-008
   1.9262036216187394E-008
   2214.2472431605165     
   2215.1218274846833     
   1.9576257674686494E-008
   9.4758694007719594E-009
   707.07609934066102     
   707.09122439047906     
   3.1404920543436318E-008
   1.0164853714558119E-008
   22173.181780685922     
   22173.171681610089     
   3.8168737610966335E-008
   2.3773046902851529E-007
   7051.1123011706077     
   7051.1356884742700     
   1.5705543692383479E-007
   3.2032350377432314E-008
   2214.9882678689869     
   2215.1218274935145     
   5.9678855343456446E-008
   3.5659758047609034E-008
   707.08890521925605     
   707.09122455313377     
   2.8608607195265009E-008
   3.2520138246765546E-008
   22173.120073706737     
   22173.171681605658     
   3.3269894287043794E-008
   4.7945012945444637E-007
   7051.2581277288027     
   7051.1356883490880     
   6.1125162977523314E-008
   1.3897925610974177E-007
   2215.7536551378498     
   2215.1218273662225     
   4.3409426655931718E-008
   7.2328990242933644E-008
   707.10213004937043     
   707.09122438072609     
   1.5628834343652351E-008
   4.4205572539543273E-008
   22173.064867948335     
   22173.171681616412     
   2.8406105603414890E-008
   6.6246066452595287E-007
   7051.3905731648374     
   7051.1356886546355     
   3.9150265110020598E-008
   2.0651152736231715E-007
   2216.2239943545596     
   2215.1218276774330     
   2.3606376928643457E-008
   8.7120750299489022E-008
   707.11025665946840     
   707.09122435496977     
   1.2808126069070734E-007
   2.5626722803207829E-008
   22173.017003145327     
   22173.171681614956     
   5.1672820338492818E-009
   7.4885888392971561E-007
   7051.5121724583396     
   7051.1356881322581     
   1.1254287206598351E-007
   1.1383655315120884E-007
   2216.5726975903181     
   2215.1218274500852     
   1.3394023136023989E-007
   7.8493107998440223E-008
   707.11628007634545     
   707.09122450597602     
   1.1079311418494502E-007
   1.9322891149783674E-008
   22172.962724645287     
   22173.171681608004     
   7.0282202180488082E-008
   1.5449464716991478E-007
   7051.6607275035030     
   7051.1356886284448     
   5.2448521271937067E-008
   1.1389154850719271E-007
   2216.9448501462775     
   2215.1218274065932     
   2.0828290462913947E-008
   8.4210283544322396E-008
   707.12270602852470     
   707.09122447082109     
   3.9867026480848852E-007
   4.3880339430859216E-008
   22172.960725715588     
   22173.105494875566     
   5.7405518110281370E-008
   3.6678336183864120E-007
   7051.6607322104364     
   7051.2943953302338     
   7.7201533568152331E-008
   7.2448475829056501E-007
   2216.9447960563698     
   2215.8754350411587     
   5.4062158796740450E-007
   2.2302511339768677E-007
   707.12266238754489     
   707.10422251343846     
   2.0555725373551398E-007
   2.0690947148500850E-008
   22173.015092519701     
   22173.105494904325     
   4.8304687143902266E-008
   1.5844882445685568E-007
   7051.5124298393930     
   7051.2943945628849     
   2.9069149547103535E-008
   8.1483691094812810E-007
   2216.5727108978735     
   2215.8754342020006     
   2.7920413605392342E-007
   2.5612628233145560E-008
   707.11624991751603     
   707.10422229821472     
   1.4708583244830455E-007
   1.5784129612232336E-008
   22173.063023013572     
   22173.105494882206     
   1.3491615843062817E-007
   8.9152250005306605E-008
   7051.3909050474822     
   7051.2943948504480     
   2.6323566422867498E-007
   6.6801832370147221E-007
   2216.2239960781085     
   2215.8754339206453     
   8.2885604606000519E-009
   1.8080462950961479E-007
   707.11023605635205     
   707.10422249177782     
   5.5693691599598768E-008
   1.4035424558699588E-008
   22173.118561909629     
   22173.105494895779     
   1.2371330539557607E-007
   2.4187255831842932E-008
   7051.2583640125222     
   7051.2943946882533     
   7.7325675510263896E-008
   3.5788127646760670E-007
   2215.7536461502759     
   2215.8754344505883     
   1.6442332403818033E-007
   1.3792558801687655E-007
   707.10212479883671     
   707.10422240574837     
   8.2256381032860125E-008
   5.2657795980903533E-009
   22173.181241463193     
   22173.105494893505     
   7.0847905933231541E-009
   1.0448475552497833E-007
   7051.1124077193845     
   7051.2943946576042     
   2.1246095119388163E-007
   6.9814580767809246E-008
   2214.9882499234827     
   2215.8754342079746     
   1.0127422855634519E-007
   9.9367624032677386E-008
   707.08890648849001     
   707.10422219653685     
   1.4583717537150044E-008
   1.6777263242361641E-009
   22173.219960003931     
   22173.105494895615     
   7.2199654237949290E-008
   2.9179785401513706E-007
   7051.0267883173356     
   7051.2943948497459     
   2.1657782919863343E-008
   2.6420854863654487E-007
   2214.2472015444796     
   2215.8754341924905     
   3.5320528646708250E-008
   7.2675377583821123E-008
   707.07609794121583     
   707.10422257418463     
   6.1745312491744648E-009
   1.7719564419089965E-008
   22173.231011632110     
   22173.105494900869     
   5.4495612174439688E-008
   6.4539273134826542E-007
   7051.0065154842168     
   7051.2943942455777     
   3.1533505771063447E-007
   2.9866579046015757E-007
   2213.9003182691695     
   2215.8754345283546     
   2.8010893113462946E-008
   2.4040607942847562E-007
   707.07009627886566     
   707.10422213734626     
   2.1920214422831485E-008
   9.9756832853583169E-009
   22173.232681866008     
   22173.105494888448     
   1.6877277120799940E-008
   3.7671271802360903E-007
   7051.0032360079094     
   7051.2943954768316     
   6.3437326416592660E-008
   5.2124453399752652E-007
   2213.8136446088197     
   2215.8754336641978     
   1.7679414780738592E-008
   2.8345369577725413E-007
   707.06858859720137     
   707.10422258750202     
   6.2461915116155563E-008
   1.2537958990531839E-008
   22173.233132999201     
   22173.105494891621     
   1.8932487367029412E-008
   6.3050380513635925E-007
   7051.0024516058702     
   7051.2943942725751     
   3.1894652201849424E-008
   5.0810000012215555E-007
   2213.7905550526598     
   2215.8754344863210     
   5.0292829680352283E-008
   2.0717046740302139E-007
   707.06818441017242     
   707.10422234219129     
   3.8171097549965131E-008
   8.0051742398226540E-009
   22173.233488392310     
   22173.105494891675     
   6.0905567831954034E-008
   3.1459403015167620E-007
   7051.0024595482346     
   7051.2943950716590     
   7.0173729629395362E-008
   2.0343047650211882E-007
   2213.7905738084587     
   2215.8754340087180     
   6.5517880989969962E-008
   1.2301189132314825E-007
   707.06818358421742     
   707.10422216233110     
   1.9809302200264257E-008
   2.6515448764127920E-008
   22173.233000807129     
   22173.105494910393     
   1.0725196419735581E-007
   1.2507571435781069E-007
   7051.0032596383480     
   7051.2943945229890     
   3.3067040837797652E-007
   2.3759864814042449E-007
   2213.8136902384499     
   2215.8754340390110     
   2.2830982931549428E-007
   1.4146014752131315E-007
   707.06858660221621     
   707.10422261576844     
   2.6019930628379212E-008
   2.6607640653772504E-008
   22173.230718498678     
   22173.105494895855     
   1.0575857444156581E-007
   5.2928698714397662E-007
   7051.0065272231004     
   7051.2943948540060     
   5.3826884894426094E-008
   8.3745584260570801E-008
   2213.9003728592711     
   2215.8754344769786     
   1.2407874831416211E-007
   5.4991531193319441E-008
   707.07009649041288     
   707.10422234909140     
   3.7428738926948024E-008
   9.7348478739925535E-009
   22173.219704650684     
   22173.105494889547     
   3.0717011670865913E-008
   3.4376459733512059E-007
   7051.0267559911790     
   7051.2943947608846     
   1.4596516266219466E-007
   6.4195129614278092E-008
   2214.2472427584835     
   2215.8754342217071     
   6.4413759301774502E-008
   4.7073259955082211E-008
   707.07609926665668     
   707.10422227079869     
   3.4748085316750682E-008
   1.4644543291202172E-009
   22173.181780626008     
   22173.105494905718     
   2.0763056828018811E-008
   4.7891392434788965E-007
   7051.1123011527825     
   7051.2943945976785     
   6.4824623112605932E-008
   1.4738842190057299E-007
   2214.9882675147510     
   2215.8754341969211     
   2.0790711360618875E-008
   7.4889388369297651E-008
   707.08890519034367     
   707.10422248750194     
   1.7378786204628298E-008
   4.9432479083416499E-008
   22173.120073888513     
   22173.105494876494     
   5.7260133309339725E-008
   7.3477195536310148E-007
   7051.2581293954536     
   7051.2943948667244     
   1.1193553867850548E-007
   1.1105074895894685E-007
   2215.7536549600090     
   2215.8754345204957     
   4.8600489780336764E-008
   1.0525589925875040E-007
   707.10213002638193     
   707.10422226929336     
   6.1418998203787400E-008
   5.6125939225080146E-008
   22173.064868293757     
   22173.105494881940     
   1.9575482322757626E-008
   7.9094616606012715E-007
   7051.3905758790515     
   7051.2943943183600     
   1.4906096212237255E-007
   3.3241913247292225E-007
   2216.2239943114141     
   2215.8754337770411     
   4.7789984332184333E-008
   1.6541839686614441E-007
   707.11025670198489     
   707.10422243379162     
   8.3082015671810038E-008
   6.0997480740013403E-009
   22173.017003453831     
   22173.105494912532     
   1.8631370285926445E-008
   9.7655760084978605E-007
   7051.5121759240483     
   7051.2943949460914     
   1.0793660665925388E-007
   4.0269140832940353E-007
   2216.5726974279464     
   2215.8754343569940     
   8.0084664762835388E-008
   6.2890914946697977E-008
   707.11628016151337     
   707.10422228932680     
   1.7685213876316811E-007
   1.1603373321409695E-008
   22172.962724978581     
   22173.105494897096     
   3.5530631096619613E-008
   8.4615833281763933E-008
   7051.6607304904246     
   7051.2943947408439     
   2.3733355666979864E-007
   7.4616334549769413E-008
   2216.9448499952164     
   2215.8754339470970     
   2.6780846537937717E-007
   3.8713579147720236E-008
   707.12270598306304     
   707.10422245765199     
   2.2849618016909067E-007
   2.7573527747324074E-008
   22172.960725310168     
   22173.031165947104     
   9.5674215379707439E-008
   5.9176739919467136E-007
   7051.6607237424496     
   7051.4799097760479     
   3.7554662407647837E-007
   1.3140613571000307E-006
   2216.9447943192918     
   2216.4693452641773     
   2.8984073740817743E-007
   5.3918766607895205E-007
   707.12266196234646     
   707.11444646411280     
   1.5939492114386472E-007
   1.6389991443931446E-009
   22173.015091696496     
   22173.031165881202     
   3.3611091046460056E-008
   2.8713427835379048E-007
   7051.5124213329000     
   7051.4799095857388     
   3.4114560068642091E-008
   6.9855769059306739E-007
   2216.5727097712875     
   2216.4693398068111     
   2.3219408178704483E-007
   4.5059335789477026E-007
   707.11624993940359     
   707.11444664487192     
   2.1245682508479388E-007
   2.1921661366987514E-008
   22173.063022419679     
   22173.031165981010     
   5.2913309262767595E-008
   5.8440847712627706E-007
   7051.3908985758198     
   7051.4799077361504     
   8.0746717250616873E-008
   4.8262801546972501E-007
   2216.2239959883764     
   2216.4693413227124     
   1.0838076246834427E-007
   4.9278443132409463E-007
   707.11023614013357     
   707.11444651383511     
   1.0325099980174904E-007
   4.4898976077390320E-009
   22173.118562021104     
   22173.031165896937     
   8.6157722267716986E-008
   4.3000159083336185E-007
   7051.2583618065737     
   7051.4799096043816     
   5.4739268081116996E-007
   2.1045015325621593E-007
   2215.7536465271960     
   2216.4693423531753     
   8.3975360488463868E-008
   1.7526735249906727E-007
   707.10212493922245     
   707.11444652853481     
   5.3651694127761372E-008
   9.0977873363040619E-009
   22173.181241629634     
   22173.031165924720     
   1.4549087339611630E-008
   7.6813258241271443E-008
   7051.1124080180716     
   7051.4799084950146     
   2.7474835476053457E-008
   2.6717311370292347E-007
   2214.9882505128198     
   2216.4693413528212     
   4.4611539334312811E-008
   8.6199286628356140E-008
   707.08890664437104     
   707.11444631132019     
   1.7760914307933668E-008
   8.4531003203972137E-009
   22173.219959796410     
   22173.031165918866     
   3.3385115619991547E-008
   6.8942629038246874E-008
   7051.0267866485738     
   7051.4799095658373     
   2.2438014646517536E-007
   2.8800718129374699E-007
   2214.2472017039095     
   2216.4693410854384     
   3.2137837043955535E-008
   1.8739238955798601E-008
   707.07609801929698     
   707.11444670473486     
   1.7568499496809661E-008
   1.1759940400749105E-008
   22173.231011212516     
   22173.031165924669     
   2.4334319207668610E-008
   9.5962616587692761E-008
   7051.0065104273363     
   7051.4799082272120     
   1.5003009016800471E-007
   2.3500078275719412E-007
   2213.9003174313862     
   2216.4693423522626     
   1.1349522813308145E-007
   2.1301616425856863E-007
   707.07009623758449     
   707.11444626998207     
   2.6744336221807696E-008
   1.6558716866437898E-008
   22173.232681279485     
   22173.031165920220     
   4.5798080841020148E-008
   2.9508422239933901E-007
   7051.0032291684774     
   7051.4799102108527     
   7.9026079065339160E-008
   3.8360730185801810E-007
   2213.8136430318732     
   2216.4693429069944     
   6.3859537066353059E-008
   2.5505053155613252E-007
   707.06858853839742     
   707.11444637334444     
   2.0675333435294316E-008
   1.0672060822998820E-008
   22173.233132295416     
   22173.031165918783     
   1.7036442577099273E-008
   3.9700224376735500E-007
   7051.0024439798253     
   7051.4799082355858     
   7.7558584022495024E-008
   7.9645074767832683E-007
   2213.7905534799525     
   2216.4693396463717     
   1.9030860808495511E-008
   3.8759694861418697E-007
   707.06818443070722     
   707.11444647727740     
   2.2181498186209578E-008
   1.9677104837282908E-008
   22173.233487507026     
   22173.031165938140     
   3.6062517385376094E-008
   4.3269195050026404E-007
   7051.0024523666416     
   7051.4799092526091     
   6.1274642839046892E-008
   7.8329562097268909E-007
   2213.7905726893837     
   2216.4693413487084     
   8.1692054878167164E-008
   4.3373469531800051E-007
   707.06818371393706     
   707.11444670888636     
   1.8419863525399302E-008
   2.0878876674444748E-008
   22173.233000309450     
   22173.031165924447     
   4.1875663365900676E-008
   3.4407837031584970E-007
   7051.0032549581083     
   7051.4799084861570     
   1.7227435623003667E-007
   2.3727663775608656E-007
   2213.8136897862200     
   2216.4693415181237     
   1.1007723159599238E-007
   4.0034343004731664E-007
   707.06858684321503     
   707.11444628407537     
   3.8001043135435434E-008
   2.9656098373590779E-008
   22173.230718651022     
   22173.031165914828     
   1.0362045277585294E-007
   5.1657889070733110E-007
   7051.0065260932115     
   7051.4799089562084     
   4.7904950404028244E-007
   1.5592646928143585E-007
   2213.9003730778682     
   2216.4693419606501     
   6.7351234663611477E-008
   1.1265582785129988E-007
   707.07009666679949     
   707.11444658221444     
   5.0380477114215658E-008
   2.6117647442420369E-008
   22173.219704802377     
   22173.031165913228     
   3.9275148116520612E-008
   4.3419701198567850E-007
   7051.0267567292349     
   7051.4799090976703     
   5.4058687908310888E-008
   2.0081027930266792E-007
   2214.2472431633491     
   2216.4693414036510     
   5.1928931883165853E-008
   1.3837879349229067E-007
   707.07609931527895     
   707.11444637687725     
   1.4277362680306491E-008
   8.4304641335704377E-009
   22173.181780578307     
   22173.031165933437     
   5.1733683560865434E-008
   6.4731980815344054E-007
   7051.1123007938595     
   7051.4799087817928     
   6.9456950052907162E-008
   1.9169171454122860E-007
   2214.9882677766677     
   2216.4693411566705     
   2.8947416840442063E-008
   1.1801246194125558E-007
   707.08890521650119     
   707.11444660401332     
   1.8163874139501290E-008
   3.9678487181665564E-008
   22173.120073657836     
   22173.031165926950     
   3.1427756812795978E-008
   6.2925467430565508E-007
   7051.2581270546425     
   7051.4799098133644     
   2.0020524984112800E-008
   2.4965417768612520E-007
   2215.7536549716883     
   2216.4693422423338     
   1.6095938462878886E-008
   8.2353537429950482E-008
   707.10213007659092     
   707.11444641037644     
   2.8104024240720867E-008
   1.9235950524638266E-008
   22173.064867866633     
   22173.031165877976     
   2.0527094186935370E-008
   1.1627287256382919E-007
   7051.3905723059797     
   7051.4799076026266     
   6.3897017020600915E-008
   3.9793711232187038E-007
   2216.2239940748168     
   2216.4693428246164     
   1.0361275817403365E-008
   9.9439223968746205E-008
   707.11025668143054     
   707.11444616726828     
   8.6370129512454248E-008
   9.9629212057241504E-009
   22173.017003059034     
   22173.031165933702     
   3.4432784126267227E-008
   6.5575287398032171E-007
   7051.5121714864799     
   7051.4799093111105     
   9.0472744122209705E-008
   7.2452805970462515E-007
   2216.5726973416522     
   2216.4693396723533     
   8.0714038788444283E-008
   2.3743475181880709E-007
   707.11628012674282     
   707.11444654090087     
   1.8567141685897595E-007
   2.0353835660041032E-008
   22172.962724508132     
   22173.031165927041     
   3.7149778436123210E-008
   1.3314908655682420E-007
   7051.6607271862404     
   7051.4799093495849     
   2.4235690787397528E-007
   5.3679138988000094E-007
   2216.9448500645699     
   2216.4693419473492     
   1.2943730030661587E-007
   4.1523825310128536E-007
   707.12270623018742     
   707.11444652766033     
   3.0850411238679740E-008
