 pred
   5.9686042971852264E-014
   22316.147799661027     
   22316.147778763749     
   4.6945960956491325E-013
   7.6332803271844404E-014
   7065.9765421995635     
   7065.9765644725776     
   6.0515600021764168E-014
   1.1611588853548705E-011
   2241.1338591039785     
   2241.9791914597081     
   1.3283398976202189E-009
   3.1907047692244148E-010
   672.25949733612583     
   671.35739163871926     
   1.2197271815507392E-005
   6.2004210111361891E-014
   22316.147800345239     
   22316.147778763749     
   3.3248011137960797E-013
   7.8500581105436305E-014
   7065.9765448835233     
   7065.9765644725803     
   3.2541469695493777E-014
   1.3068602308562244E-011
   2241.8086138151270     
   2241.9791914597035     
   9.9167994022819822E-010
   2.0760537628985982E-010
   671.55943550951724     
   671.35739163904918     
   6.6055211178458365E-007
   6.4341655405173923E-014
   22316.147793299020     
   22316.147778763745     
   4.6172691917447576E-013
   8.0379840305150316E-014
   7065.9765481895665     
   7065.9765644725776     
   1.5279637618596767E-013
   1.1117433581398619E-011
   2242.4123835841624     
   2241.9791914597295     
   2.3124152823332476E-009
   7.4698770093570166E-011
   670.89809985546901     
   671.35739163834364     
   8.0480901625804265E-007
   6.7300663762317858E-014
   22316.147754889113     
   22316.147778763745     
   3.9120183580172958E-013
   8.2175777607976292E-014
   7065.9765521906202     
   7065.9765644725776     
   6.0071629764985778E-014
   1.3914105788757732E-011
   2243.2151590833923     
   2241.9791914597131     
   3.3188409462226300E-010
   8.6763915012339555E-011
   669.99673290982457     
   671.35739163871449     
   8.9223369517553111E-007
   6.8855422984240686E-014
   22316.147707093009     
   22316.147778763749     
   6.5669392138866702E-013
   8.3181965083735766E-014
   7065.9765557459959     
   7065.9765644725776     
   1.6385992811332610E-013
   1.4124822843843792E-011
   2244.5626137661188     
   2241.9791914596981     
   7.7802136724217898E-010
   2.4133428715803956E-010
   668.51254056570849     
   671.35739163890628     
   2.2563470897249043E-007
   6.7425621538893322E-014
   22316.147717033491     
   22316.147778763749     
   2.0072824687755799E-014
   8.4007025732080236E-014
   7065.9765524289960     
   7065.9765644725776     
   6.2151491196007167E-014
   1.1875988803892321E-011
   2245.8904700189155     
   2241.9791914597290     
   6.6441689564785932E-010
   4.5431299439205200E-011
   667.05782577014008     
   671.35739163871631     
   1.6623924714832013E-007
   6.5973763170005110E-014
   22316.147767292194     
   22316.147778763749     
   1.4574095733954180E-013
   8.5511573108536993E-014
   7065.9765469598497     
   7065.9765644725776     
   4.4299255636437478E-014
   1.3108301258206341E-011
   2246.5178431703903     
   2241.9791914596881     
   1.8570430498148272E-010
   9.8408541991158776E-010
   666.37092079128365     
   671.35739163912308     
   7.2978726128776847E-007
   6.6041244591987696E-014
   22316.147794364661     
   22316.147778763745     
   3.0227419132222064E-013
   8.6616180942033567E-014
   7065.9765467838088     
   7065.9765644725803     
   4.6407773209502478E-014
   1.5821206088626236E-011
   2246.6835917909907     
   2241.9791914597326     
   4.2244851324328099E-010
   1.2248088718147503E-009
   666.19782936119270     
   671.35739163825053     
   3.7838317796414167E-007
   6.6756836938019495E-014
   22316.147798633570     
   22316.147778763745     
   4.1650841056347138E-013
   8.7163869933161458E-014
   7065.9765501639695     
   7065.9765644725776     
   1.4374723431921289E-014
   1.3795834304851477E-011
   2246.7455064098613     
   2241.9791914597008     
   2.9260619552787197E-010
   6.8749187497680704E-010
   666.15093621329027     
   671.35739163967742     
   7.6628960622967347E-007
   6.7710958638667583E-014
   22316.147799918039     
   22316.147778763749     
   3.0565149437956211E-013
   8.7521060126947410E-014
   7065.9765569223900     
   7065.9765644725776     
   8.8003329441906554E-014
   9.7092435950422179E-012
   2246.7693370517245     
   2241.9791914596890     
   8.3458745264883500E-010
   6.0099135770261811E-010
   666.15185245499254     
   671.35739163848973     
   1.1878215092490561E-006
   6.8869378780893296E-014
   22316.147793240183     
   22316.147778763745     
   2.9450900627998344E-013
   8.7813210270179467E-014
   7065.9765667851752     
   7065.9765644725776     
   2.2823469293268624E-013
   1.3851233773952972E-011
   2246.7303789733460     
   2241.9791914597240     
   7.0039863279437956E-010
   3.5372980533580931E-010
   666.19816437851910     
   671.35739163903281     
   5.1026981178694727E-007
   7.0383267342045568E-014
   22316.147755083639     
   22316.147778763745     
   1.2077136022767044E-013
   8.7699167140043939E-014
   7065.9765852445435     
   7065.9765644725776     
   4.8176881871483195E-014
   1.4088725622867298E-011
   2246.5542651463475     
   2241.9791914596995     
   1.8122344222482975E-009
   3.0650793765156438E-010
   666.36972812815168     
   671.35739163872495     
   2.1154859999812339E-007
   6.9868620941450856E-014
   22316.147706761170     
   22316.147778763745     
   6.2587378972790183E-013
   8.5788405550746999E-014
   7065.9766152088132     
   7065.9765644725776     
   1.3614631140252646E-013
   1.1587134059434915E-011
   2245.9280802439857     
   2241.9791914597231     
   1.1323340785824996E-009
   1.9333323067873880E-010
   667.05727103188190     
   671.35739163872188     
   2.8923353670227932E-007
   6.5974052612885410E-014
   22316.147716339536     
   22316.147778763745     
   2.8955244383467687E-013
   8.3320634932271102E-014
   7065.9766283595181     
   7065.9765644725776     
   5.0540667567020728E-014
   1.0299794608150044E-011
   2244.6249122404970     
   2241.9791914597085     
   1.4064486743085970E-009
   2.1151176822570568E-010
   668.51296895136693     
   671.35739163899154     
   4.3954271233778612E-007
   6.2350471021690852E-014
   22316.147767363109     
   22316.147778763745     
   5.7099463944390569E-014
   8.2365721396848028E-014
   7065.9766217189372     
   7065.9765644725803     
   4.7600982808060070E-014
   1.0745638635760617E-011
   2243.2834726265464     
   2241.9791914597286     
   1.1236931884345276E-009
   5.2114357851823274E-010
   669.99705491294867     
   671.35739163881078     
   6.7015123959461173E-007
   6.0844711531133068E-014
   22316.147795417728     
   22316.147778763749     
   3.6223825217591085E-013
   8.2041974895309336E-014
   7065.9766275571492     
   7065.9765644725803     
   8.2896110469770442E-014
   1.1509621913107329E-011
   2242.4705271275457     
   2241.9791914597145     
   6.9762380123690985E-009
   1.0748308795127168E-010
   670.89693302362002     
   671.35739163900689     
   2.0790630762931145E-006
   6.0280268491835815E-014
   22316.147801169664     
   22316.147778763745     
   1.3101518480242092E-013
   8.1487213470997676E-014
   7065.9766638374276     
   7065.9765644725803     
   3.6271514799918089E-014
   8.4036676273951917E-012
   2241.8840646988115     
   2241.9791914596976     
   3.7203563264142065E-009
   9.3616850890321596E-011
   671.55961270600130     
   671.35739163822700     
   1.4262067602463595E-006
   5.9780901972204076E-014
   22316.147805630018     
   22316.147778763745     
   1.4914198603379368E-013
   8.0648951922441898E-014
   7065.9767378404258     
   7065.9765644725776     
   5.2314838813689166E-014
   5.5757665032067908E-012
   2241.2548676789215     
   2241.9791914597076     
   6.6865729975380925E-010
   3.5997191039200759E-010
   672.26431568625969     
   671.35739163987932     
   1.3303001680115264E-006
   5.8080900307938183E-014
   22316.147799661034     
   22316.147753047084     
   4.3604092960081381E-013
   6.1864747435286832E-014
   7065.9765421995717     
   7065.9765763407959     
   7.9621234508808087E-014
   6.6723834295223837E-012
   2241.1338590919277     
   2242.9980747028312     
   1.2936536711364477E-009
   2.5449005536081396E-010
   672.25950291584763     
   670.22489826577373     
   3.6547204430555608E-006
   5.9914720668758918E-014
   22316.147800345247     
   22316.147753047084     
   3.3680790315788422E-013
   6.3795000906306928E-014
   7065.9765448835278     
   7065.9765763407977     
   4.5790014478790509E-014
   2.8011058058814577E-012
   2241.8086138147519     
   2242.9980747028458     
   3.8329440030169989E-010
   5.8959371561773924E-010
   671.55943753379131     
   670.22489826536525     
   5.7158634889572716E-007
   6.2048640400138148E-014
   22316.147793299042     
   22316.147753047084     
   2.3213112118146463E-013
   6.5370369536249954E-014
   7065.9765481895793     
   7065.9765763407959     
   2.1070333465644652E-014
   1.9541333183618612E-012
   2242.4123835951659     
   2242.9980747028449     
   5.6738327816397232E-010
   7.6810928619547913E-010
   670.89810548002208     
   670.22489826561230     
   6.4825533131370846E-007
   6.5171649940111871E-014
   22316.147754889123     
   22316.147753047084     
   3.5471311274620280E-013
   6.6816959198370912E-014
   7065.9765521906274     
   7065.9765763407959     
   3.4817904712248926E-014
   4.2848554128327307E-012
   2243.2151590891326     
   2242.9980747028444     
   5.7974865552844753E-010
   7.3995643047962674E-010
   669.99673536199225     
   670.22489826523838     
   1.1938243160051084E-007
   6.7212284481410727E-014
   22316.147707093012     
   22316.147753047084     
   4.5667300944982747E-013
   6.7797926981854369E-014
   7065.9765557460014     
   7065.9765763407959     
   6.7512617316748350E-014
   6.7858744588921978E-012
   2244.5626137578024     
   2242.9980747028444     
   1.0623016318388525E-009
   5.3496701009895550E-010
   668.51253933426551     
   670.22489826565413     
   2.8952392434152946E-007
   6.6633278275219098E-014
   22316.147717033484     
   22316.147753047084     
   8.3368431232036570E-014
   6.8599955997578248E-014
   7065.9765524290060     
   7065.9765763407977     
   6.6064000606493717E-014
   9.4895197862186637E-012
   2245.8904700166040     
   2242.9980747028403     
   3.2643567646614039E-010
   5.4396789735368170E-010
   667.05782701476096     
   670.22489826533354     
   1.9291018738992012E-007
   6.5118440045689607E-014
   22316.147767292197     
   22316.147753047084     
   1.5961826417358655E-013
   6.9832401210084054E-014
   7065.9765469598542     
   7065.9765763407959     
   2.3900312610685261E-014
   1.5025656989474113E-011
   2246.5178431766212     
   2242.9980747028212     
   7.2126279625591648E-010
   5.5832307987722785E-010
   666.37092482578203     
   670.22489826566220     
   3.6926627474821984E-007
   6.4078270744190261E-014
   22316.147794364675     
   22316.147753047084     
   1.3830216647465721E-013
   7.0768128177184502E-014
   7065.9765467838115     
   7065.9765763407959     
   3.5392419214894307E-014
   1.7212596472917781E-011
   2246.6835917977878     
   2242.9980747028594     
   4.3566571699931063E-010
   6.9358763792376675E-010
   666.19783330591156     
   670.22489826590083     
   1.7477861046706156E-007
   6.4120673499046845E-014
   22316.147798633585     
   22316.147753047084     
   3.1152009849577971E-013
   7.1296567403831266E-014
   7065.9765501639768     
   7065.9765763407977     
   2.8813261599700005E-014
   1.2806926503874832E-011
   2246.7455064176884     
   2242.9980747028353     
   5.5483937057187742E-010
   5.5738954467948862E-010
   666.15094028235205     
   670.22489826482979     
   6.4583401884055481E-007
   6.4740706825577871E-014
   22316.147799918035     
   22316.147753047087     
   3.5429990890200326E-013
   7.1722356366648729E-014
   7065.9765569223991     
   7065.9765763407959     
   1.0122418600351372E-014
   9.2823385898086423E-012
   2246.7693370626307     
   2242.9980747028285     
   1.5313266051279940E-010
   3.8174592884507064E-010
   666.15185915279096     
   670.22489826587969     
   4.5549528883414622E-007
   6.5819678454805813E-014
   22316.147793240190     
   22316.147753047084     
   1.7202069247365373E-013
   7.1977446256118541E-014
   7065.9765667851862     
   7065.9765763407959     
   4.8967902380208557E-014
   7.3916657163718641E-012
   2246.7303789867196     
   2242.9980747028453     
   1.2538161069010282E-009
   5.3544366999153326E-010
   666.19817054211637     
   670.22489826544677     
   5.1722578088202708E-007
   6.7698537533226777E-014
   22316.147755083646     
   22316.147753047084     
   3.3056309005260704E-013
   7.1800408467063410E-014
   7065.9765852445507     
   7065.9765763407977     
   1.1260562183661896E-014
   1.0286550247077254E-011
   2246.5542651400624     
   2242.9980747028253     
   1.5499427084989712E-009
   6.2749334035846912E-010
   666.36972897053784     
   670.22489826546132     
   2.9730343749074852E-007
   6.8019605015699631E-014
   22316.147706761170     
   22316.147753047084     
   8.5830725124836169E-013
   7.0260408203060406E-014
   7065.9766152088187     
   7065.9765763407977     
   3.9603973862950766E-014
   1.0740909517672271E-011
   2245.9280802342705     
   2242.9980747028603     
   4.4030559590182743E-010
   4.7687275870987682E-010
   667.05726939415729     
   670.22489826541550     
   4.5057126239580983E-007
   6.5404706971188953E-014
   22316.147716339539     
   22316.147753047084     
   5.7902070633635050E-013
   6.8234461577179334E-014
   7065.9766283595227     
   7065.9765763407977     
   4.2532769157982444E-014
   7.8714561073090146E-012
   2244.6249122335739     
   2242.9980747028358     
   1.9311252313213116E-009
   3.4571062606968513E-010
   668.51296990903472     
   670.22489826558387     
   3.3625758678139478E-007
   6.2115971247155338E-014
   22316.147767363113     
   22316.147753047084     
   2.1847161868536801E-013
   6.7415057195888758E-014
   7065.9766217189353     
   7065.9765763407959     
   3.8335521678546876E-014
   5.9571097210244150E-012
   2243.2834726244564     
   2242.9980747028590     
   4.1549691086540809E-009
   2.4220887697575180E-010
   669.99706084212710     
   670.22489826558103     
   4.7311381956812566E-007
   5.9701745211528895E-014
   22316.147795417728     
   22316.147753047084     
   1.1254452000782319E-013
   6.7204894298892110E-014
   7065.9766275571537     
   7065.9765763407959     
   5.5605515300901534E-014
   2.1506768601696009E-012
   2242.4705271240855     
   2242.9980747028412     
   5.8479550815501106E-009
   6.8044287827127853E-010
   670.89694200883480     
   670.22489826520689     
   2.3025605830359404E-007
   5.8580190328552671E-014
   22316.147801169671     
   22316.147753047084     
   1.4420883948201402E-013
   6.6876046888733567E-014
   7065.9766638374358     
   7065.9765763407977     
   6.2962677515133840E-014
   2.1379823514319360E-012
   2241.8840646863086     
   2242.9980747028349     
   1.3661344064957671E-009
   4.1987131062571619E-010
   671.55962202487240     
   670.22489826576646     
   6.0257138583669080E-007
   5.7863152013618901E-014
   22316.147805630037     
   22316.147753047084     
   1.0790221051660891E-013
   6.6391870180892709E-014
   7065.9767378404340     
   7065.9765763407977     
   2.4856199695028271E-014
   2.6320411870543961E-012
   2241.2548676784172     
   2242.9980747028367     
   1.6437256681333441E-009
   1.9807909647283125E-010
   672.26432416472062     
   670.22489826529591     
   1.3889972185634233E-006
   1.1591839058594982E-013
   22316.147799661030     
   22316.147721612324     
   3.5309362487558347E-013
   3.6052156806727896E-014
   7065.9765421995626     
   7065.9765931524189     
   7.6711353876080495E-014
   1.0288597400953149E-012
   2241.1338590900059     
   2244.3174191416256     
   2.2642847471886880E-009
   1.9634408932580916E-009
   672.25949257970137     
   668.77048698600447     
   6.6220711735143405E-006
   1.1706162151137944E-013
   22316.147800345236     
   22316.147721612328     
   5.4370579038688347E-013
   3.7330025286811743E-014
   7065.9765448835215     
   7065.9765931524189     
   1.0674043654044081E-013
   4.7130955748453924E-012
   2241.8086138088179     
   2244.3174191416238     
   1.0554538668407803E-009
   2.2437173146879080E-009
   671.55943542982243     
   668.77048698634144     
   4.1233097154693522E-007
   1.1502364179039338E-013
   22316.147793299027     
   22316.147721612328     
   7.7042200305788347E-013
   3.8511990676014277E-014
   7065.9765481895720     
   7065.9765931524189     
   1.8247001844609131E-013
   4.2248503262767011E-012
   2242.4123835790147     
   2244.3174191416238     
   1.7526945341586830E-009
   2.1076095393704047E-009
   670.89809941160547     
   668.77048698613248     
   2.9197539821519537E-007
   1.0735625745720200E-013
   22316.147754889116     
   22316.147721612331     
   2.8920360589663811E-013
   3.9902455804254464E-014
   7065.9765521906247     
   7065.9765931524189     
   7.8620904480054941E-014
   2.7385137663861232E-012
   2243.2151590807734     
   2244.3174191416274     
   2.5010046043042047E-009
   2.0506753245374224E-009
   669.99673027773406     
   668.77048698619546     
   4.8649271301083848E-007
   9.4204884236241813E-014
   22316.147707093009     
   22316.147721612328     
   1.4352170079064280E-013
   4.1402832888232294E-014
   7065.9765557459987     
   7065.9765931524189     
   6.2848573853762603E-014
   3.8339777566916990E-012
   2244.5626137674990     
   2244.3174191416310     
   1.3486843830114689E-009
   1.4421018398748626E-009
   668.51253910329046     
   668.77048698625026     
   6.4332701412744966E-007
   9.3945123192052044E-014
   22316.147717033484     
   22316.147721612324     
   8.7592014238130475E-014
   4.2260876856607580E-014
   7065.9765524289969     
   7065.9765931524189     
   5.1322690295383858E-014
   7.0485047606721991E-012
   2245.8904700193912     
   2244.3174191416210     
   6.7691371985030266E-010
   8.3377692624738882E-010
   667.05782518784417     
   668.77048698615920     
   3.3304600157825831E-007
   1.0743093306369106E-013
   22316.147767292194     
   22316.147721612328     
   1.6105795731370734E-013
   4.2603700186559374E-014
   7065.9765469598506     
   7065.9765931524189     
   1.4380883086833514E-014
   4.0684729862232375E-012
   2246.5178431684553     
   2244.3174191416178     
   7.1036364381226224E-010
   1.2102380994335080E-010
   666.37092106621890     
   668.77048698620717     
   8.8462712280030192E-007
   1.1612375524792257E-013
   22316.147794364661     
   22316.147721612328     
   4.9833576072816605E-013
   4.2857847063392915E-014
   7065.9765467838097     
   7065.9765931524189     
   6.8997662304004972E-015
   2.1073460236728861E-012
   2246.6835917892081     
   2244.3174191416379     
   1.6656047595795236E-009
   4.0215426323924931E-010
   666.19783090234660     
   668.77048698584986     
   4.7896868651647294E-007
   1.1913192146822845E-013
   22316.147798633574     
   22316.147721612331     
   1.0202940092220318E-013
   4.3099636034126826E-014
   7065.9765501639695     
   7065.9765931524171     
   3.9689012758700021E-014
   8.8011601161901227E-013
   2246.7455064081282     
   2244.3174191416238     
   9.1207965669769880E-010
   1.1442932440248025E-009
   666.15093723208417     
   668.77048698656495     
   4.8728283913127887E-007
   1.1920000724244542E-013
   22316.147799918035     
   22316.147721612324     
   2.7557355442504947E-013
   4.3395566832214328E-014
   7065.9765569223919     
   7065.9765931524198     
   7.6295445811140186E-014
   1.3589373216531686E-012
   2246.7693370500651     
   2244.3174191416292     
   2.9921844361631541E-010
   1.0157162024966421E-009
   666.15185335245371     
   668.77048698612623     
   5.2330440276298749E-007
   1.1646168823819751E-013
   22316.147793240187     
   22316.147721612328     
   4.4083851909921635E-013
   4.3681593438257539E-014
   7065.9765667851789     
   7065.9765931524189     
   1.6525348086510989E-013
   1.0823364790475611E-012
   2246.7303789720331     
   2244.3174191416233     
   8.4213389538640455E-010
   1.0777934723928110E-009
   666.19816250745896     
   668.77048698615715     
   3.7097234844072441E-007
   1.0828747382773651E-013
   22316.147755083639     
   22316.147721612320     
   4.0566466332617877E-013
   4.3904890234814108E-014
   7065.9765852445498     
   7065.9765931524198     
   3.2043783680132322E-014
   2.0607035287847789E-012
   2246.5542651442079     
   2244.3174191416110     
   1.9778465420431448E-009
   9.7203405549295598E-010
   666.36972566948441     
   668.77048698619842     
   7.4162946434242786E-007
   9.4514283867639646E-014
   22316.147706761174     
   22316.147721612328     
   5.1175380921267428E-013
   4.3534054446001377E-014
   7065.9766152088177     
   7065.9765931524189     
   8.3207714951071395E-014
   2.7107855556151535E-012
   2245.9280802483431     
   2244.3174191416392     
   1.2225346802258189E-009
   7.1275059622255817E-010
   667.05727135028962     
   668.77048698608166     
   1.0596078979439320E-006
   9.3335846550075726E-014
   22316.147716339547     
   22316.147721612328     
   3.9680805834243650E-013
   4.2321915310031984E-014
   7065.9766283595191     
   7065.9765931524189     
   1.1217535501699798E-014
   1.8945525033308690E-012
   2244.6249122398435     
   2244.3174191416206     
   9.0064872097032615E-010
   8.6525634222783200E-010
   668.51296920551681     
   668.77048698631847     
   3.0297902378227244E-007
   1.0620787858208710E-013
   22316.147767363105     
   22316.147721612328     
   2.3269720579691637E-013
   4.1264075542179131E-014
   7065.9766217189363     
   7065.9765931524189     
   2.3842902416079860E-014
   5.0088735030585244E-012
   2243.2834726247238     
   2244.3174191416138     
   1.1781616740606170E-009
   1.2142342608636234E-010
   669.99705533783174     
   668.77048698613282     
   5.9252762428573215E-007
   1.1435203316040821E-013
   22316.147795417724     
   22316.147721612328     
   1.3918604766729360E-013
   4.0817840297218556E-014
   7065.9766275571492     
   7065.9765931524189     
   2.4885089086882665E-014
   1.2524219164211601E-011
   2242.4705271269277     
   2244.3174191416415     
   2.4919823793431087E-009
   8.5375096630179062E-010
   670.89693485903217     
   668.77048698625526     
   1.2096070821062125E-006
   1.1657702068095695E-013
   22316.147801169664     
   22316.147721612324     
   1.3400209288026039E-013
   4.0565275540563051E-014
   7065.9766638374276     
   7065.9765931524189     
   6.7578131072987749E-014
   1.0105616666897276E-011
   2241.8840646926151     
   2244.3174191416288     
   2.8988388441894137E-010
   1.0338027407271890E-009
   671.55961404101436     
   668.77048698615317     
   4.1651200355013776E-007
   1.1540256906711715E-013
   22316.147805630022     
   22316.147721612324     
   2.9891070173881083E-013
   4.0345705891149176E-014
   7065.9767378404267     
   7065.9765931524198     
   1.0525169021354374E-013
   2.8283469402624811E-012
   2241.2548676812867     
   2244.3174191416388     
   1.0906293058380122E-009
   1.1602556802750879E-009
   672.26431202430933     
   668.77048698616352     
   2.1726419335742008E-007
   2.3968178778349789E-014
   22316.147799661030     
   22316.147712831786     
   2.0769205563629062E-013
   1.7647414180323286E-014
   7065.9765421995635     
   7065.9766037369927     
   3.3874104468974241E-014
   4.8418011307657248E-012
   2241.1338591168783     
   2245.6155853205041     
   1.6013189129120731E-009
   5.0545642450086165E-009
   672.25949598961017     
   667.33483926711517     
   3.3969216217835991E-006
   2.5629022214389514E-014
   22316.147800345236     
   22316.147712831782     
   2.2330965471362388E-013
   1.8166367365593911E-014
   7065.9765448835224     
   7065.9766037369936     
   3.8636636120141370E-014
   1.1022103248616847E-012
   2241.8086138240938     
   2245.6155853205009     
   9.7014226784280943E-010
   4.5752539519145074E-009
   671.55943800074044     
   667.33483926710619     
   7.4478288374313494E-007
   2.6943031850217632E-014
   22316.147793299024     
   22316.147712831786     
   2.2337786638317114E-013
   1.8422639092467934E-014
   7065.9765481895720     
   7065.9766037369936     
   4.1621780489032039E-014
   2.0051314848517708E-012
   2242.4123836002686     
   2245.6155853204918     
   1.0959547535739705E-009
   3.5383187639432677E-009
   670.89810765805692     
   667.33483926728445     
   1.3824014951051823E-006
   2.8029399220394887E-014
   22316.147754889116     
   22316.147712831782     
   1.8343512562830720E-013
   1.8374397348929055E-014
   7065.9765521906238     
   7065.9766037369918     
   3.2130821998122702E-014
   5.2092711647867113E-012
   2243.2151590906997     
   2245.6155853205100     
   3.0576077239782721E-009
   3.2102134927917427E-009
   669.99673912171829     
   667.33483926731401     
   1.2092925198453263E-006
   2.7263239299954097E-014
   22316.147707093005     
   22316.147712831782     
   1.1131608846809386E-013
   1.8184693047912419E-014
   7065.9765557459959     
   7065.9766037369918     
   9.2099779030735269E-015
   1.0104694697301325E-011
   2244.5626137564141     
   2245.6155853204909     
   3.0871463471475914E-009
   1.5218887421760779E-009
   668.51254103938629     
   667.33483926733243     
   6.5417712735908252E-007
   2.5706626076094741E-014
   22316.147717033487     
   22316.147712831782     
   7.1540079628631967E-014
   1.9025993671896790E-014
   7065.9765524289978     
   7065.9766037369927     
   2.8070968923315841E-014
   9.2917453932858416E-012
   2245.8904700156791     
   2245.6155853205032     
   2.1009890256935139E-009
   4.2707671551609591E-010
   667.05782885593135     
   667.33483926752069     
   6.0773361125512095E-008
   2.6154928024512051E-014
   22316.147767292194     
   22316.147712831782     
   1.0931504105903924E-013
   2.0584783640632934E-014
   7065.9765469598497     
   7065.9766037369927     
   1.6989160270702468E-014
   4.5917885455995524E-012
   2246.5178431784148     
   2245.6155853204968     
   1.1961604469512272E-009
   3.7352831793851931E-010
   666.37092596337243     
   667.33483926682800     
   5.1340785705729431E-007
   2.7580835058197471E-014
   22316.147794364661     
   22316.147712831782     
   1.2925785715174091E-013
   2.1428802572296954E-014
   7065.9765467838088     
   7065.9766037369927     
   1.1923566548033903E-014
   3.5416484866077875E-012
   2246.6835918008296     
   2245.6155853205050     
   2.8393511556756515E-009
   1.3243109566810070E-009
   666.19783244719133     
   667.33483926787551     
   4.4914294107594618E-007
   2.8479295346458991E-014
   22316.147798633570     
   22316.147712831782     
   1.2621783552747174E-013
   2.1709727187915962E-014
   7065.9765501639704     
   7065.9766037369927     
   8.6345116214348706E-015
   3.4452928373059015E-012
   2246.7455064214773     
   2245.6155853205050     
   5.0822352357902356E-010
   3.0048374006465816E-009
   666.15093972261138     
   667.33483926721624     
   2.7216316964853637E-007
   2.9270991767108075E-014
   22316.147799918039     
   22316.147712831786     
   1.3049370902842869E-013
   2.1750539398582265E-014
   7065.9765569223919     
   7065.9766037369927     
   9.0930917652058738E-015
   2.8330371827459666E-012
   2246.7693370670067     
   2245.6155853205028     
   9.3242856511530316E-010
   2.4287271593064793E-009
   666.15185885171729     
   667.33483926731253     
   1.2349260930769739E-007
   2.9838342147410863E-014
   22316.147793240183     
   22316.147712831782     
   1.3343914264490098E-013
   2.1563841144696469E-014
   7065.9765667851789     
   7065.9766037369936     
   1.1151280666047562E-014
   4.5997666264698270E-013
   2246.7303789919852     
   2245.6155853205009     
   5.2499749885770356E-010
   2.1587870698978086E-009
   666.19817339466033     
   667.33483926746283     
   7.3283327747991712E-007
   3.0034393544453107E-014
   22316.147755083639     
   22316.147712831786     
   1.1764697378903260E-013
   2.0909622868732663E-014
   7065.9765852445498     
   7065.9766037369927     
   3.8454732555099331E-015
   1.5215223645925827E-012
   2246.5542651437513     
   2245.6155853204996     
   3.8709848625271579E-009
   2.1831207596982299E-009
   666.36973289312709     
   667.33483926734891     
   3.2716019684169664E-007
   2.7988507959155909E-014
   22316.147706761174     
   22316.147712831782     
   4.9950556256814929E-014
   1.9685676752584920E-014
   7065.9766152088177     
   7065.9766037369927     
   2.2908413723326707E-014
   7.7163304972474030E-012
   2245.9280802310227     
   2245.6155853204991     
   6.0590525164585277E-009
   1.5418303756898922E-009
   667.05726993961878     
   667.33483926725683     
   1.3622088380696648E-006
   2.4952346133248036E-014
   22316.147716339547     
   22316.147712831782     
   9.5850345044091314E-014
   1.9385692682796950E-014
   7065.9766283595200     
   7065.9766037369927     
   4.1154615592942729E-015
   4.9283196993342161E-012
   2244.6249122319214     
   2245.6155853204968     
   5.8694823237603580E-009
   7.1824265601959413E-010
   668.51297047176206     
   667.33483926740280     
   4.2137736029120854E-007
   2.4387276321528136E-014
   22316.147767363116     
   22316.147712831782     
   8.9771107786569348E-014
   2.0245958960371245E-014
   7065.9766217189344     
   7065.9766037369918     
   1.0812986394438938E-014
   6.4873465862092883E-012
   2243.2834726251467     
   2245.6155853204859     
   8.1004045937980162E-009
   2.0039611469912233E-009
   669.99706170432535     
   667.33483926721601     
   1.7243963761825809E-007
   2.5368524876387848E-014
   22316.147795417728     
   22316.147712831782     
   1.0296337110304104E-013
   2.0799401234436386E-014
   7065.9766275571492     
   7065.9766037369927     
   1.6962861062937412E-014
   1.0786079840657098E-011
   2242.4705271229618     
   2245.6155853204959     
   9.3324229066589839E-009
   2.9145202391468552E-009
   670.89694174185161     
   667.33483926735482     
   1.0060126815078121E-006
   2.6008503757298759E-014
   22316.147801169667     
   22316.147712831782     
   1.2281161608055355E-013
   2.0893124580191216E-014
   7065.9766638374258     
   7065.9766037369927     
   2.4360515556871556E-014
   3.6202159828675408E-012
   2241.8840646880631     
   2245.6155853204946     
   1.2908489578489785E-009
   2.1687045588573379E-009
   671.55962228201372     
   667.33483926728491     
   4.9449467501510815E-007
   2.6556613374118922E-014
   22316.147805630022     
   22316.147712831782     
   1.4406222116739678E-013
   2.0748711576548849E-014
   7065.9767378404258     
   7065.9766037369927     
   3.1047463091821024E-014
   9.0641279652812156E-012
   2241.2548676809706     
   2245.6155853205119     
   2.2704004910901887E-009
   2.0342886943208422E-009
   672.26432621958259     
   667.33483926729286     
   5.3305621257870636E-007
   1.0068855697098983E-013
   22316.147799661030     
   22316.147719949175     
   8.0119533154404293E-014
   1.8886103884502382E-014
   7065.9765421995635     
   7065.9766065051381     
   1.4895221191733814E-014
   3.5497804270712002E-012
   2241.1338590562964     
   2246.3833974792897     
   2.7158506666231491E-010
   4.0625428459628007E-009
   672.25950295479777     
   666.47849525862387     
   1.8869015250676599E-006
   1.0105106114479907E-013
   22316.147800345239     
   22316.147719949175     
   1.1728124173347525E-013
   1.9048405679333420E-014
   7065.9765448835215     
   7065.9766065051381     
   2.6925834077307079E-014
   4.7677663460095409E-012
   2241.8086137930677     
   2246.3833974792860     
   8.4355550203016948E-010
   2.6563919528374971E-009
   671.55943705969901     
   666.47849525857623     
   1.6641510609177257E-006
   9.8401600039265247E-014
   22316.147793299027     
   22316.147719949175     
   1.3778104389887945E-013
   1.8799766140435856E-014
   7065.9765481895711     
   7065.9766065051381     
   2.6364907137039273E-014
   7.6683027937032883E-012
   2242.4123835623827     
   2246.3833974792765     
   3.0185589899424934E-009
   8.9167023460549037E-010
   670.89809600207491     
   666.47849525897857     
   2.5687976634859042E-006
   8.9773808862434126E-014
   22316.147754889116     
   22316.147719949175     
   9.3213062115225182E-014
   1.7708688786117995E-014
   7065.9765521906247     
   7065.9766065051381     
   2.5746120002004321E-014
   1.3148408916108829E-011
   2243.2151590724748     
   2246.3833974792756     
   1.8382457641015507E-009
   9.7010375712801484E-010
   669.99672395687685     
   666.47849525846311     
   2.4181898654198573E-006
   7.5551990956371352E-014
   22316.147707093012     
   22316.147719949178     
   4.8015013688723623E-014
   1.5586719527867954E-014
   7065.9765557459978     
   7065.9766065051363     
   1.6214752802534011E-014
   1.3007978371400059E-011
   2244.5626137735594     
   2246.3833974792665     
   3.2251637714795628E-009
   3.2215756891950983E-010
   668.51253625177890     
   666.47849525893889     
   6.3938597372308928E-007
   7.6585297452553900E-014
   22316.147717033487     
   22316.147719949175     
   1.1103319499892403E-013
   1.5184302324387480E-014
   7065.9765524289978     
   7065.9766065051390     
   1.9845666796415955E-014
   1.1029053590044419E-011
   2245.8904700206417     
   2246.3833974792883     
   1.3891248003587362E-009
   2.9839295024511921E-010
   667.05782164763946     
   666.47849525887921     
   7.6963216504399352E-007
   9.1717613083045312E-014
   22316.147767292194     
   22316.147719949175     
   8.0728831820779204E-014
   1.6758558531707668E-014
   7065.9765469598497     
   7065.9766065051363     
   3.0401570521291778E-014
   1.1265646264049584E-011
   2246.5178431602271     
   2246.3833974792851     
   5.5342978212004951E-010
   1.0906259528676755E-009
   666.37091919489694     
   666.47849525905428     
   5.5455053578778446E-007
   1.0014387704636782E-013
   22316.147794364661     
   22316.147719949171     
   7.9176872799088498E-014
   1.7719641132811499E-014
   7065.9765467838097     
   7065.9766065051381     
   2.7014602891784453E-014
   9.1021137655355925E-012
   2246.6835917800859     
   2246.3833974792592     
   1.2219237149199661E-009
   1.9433413846156020E-009
   666.19783315055906     
   666.47849525845027     
   1.9572831336965197E-007
   1.0263827539674732E-013
   22316.147798633574     
   22316.147719949175     
   4.5043104848644678E-014
   1.8061803764762282E-014
   7065.9765501639704     
   7065.9766065051381     
   2.4071172418059360E-014
   3.8395400471048582E-012
   2246.7455063978091     
   2246.3833974792760     
   1.3805195117845568E-009
   3.2430528462476403E-009
   666.15093887604530     
   666.47849525840832     
   1.8339783715990103E-007
   1.0225331357689805E-013
   22316.147799918035     
   22316.147719949175     
   1.6922287853671528E-014
   1.8088913360918681E-014
   7065.9765569223900     
   7065.9766065051363     
   8.3583553583513987E-015
   1.3088702325337102E-012
   2246.7693370373631     
   2246.3833974792683     
   1.2687230540489328E-009
   2.1595683994657994E-009
   666.15185349022079     
   666.47849525898425     
   7.8992438187570796E-007
   9.9115502396424769E-014
   22316.147793240187     
   22316.147719949175     
   9.8899012009456689E-014
   1.7772922688315803E-014
   7065.9765667851771     
   7065.9766065051363     
   6.9916759817972736E-015
   7.0561516752404807E-013
   2246.7303789564548     
   2246.3833974792865     
   1.6371257727889392E-009
   1.5236464212416235E-009
   666.19815734829194     
   666.47849525893639     
   1.7577992144281121E-006
   9.0137774289354652E-014
   22316.147755083639     
   22316.147719949175     
   9.5870776796555718E-014
   1.6709375479052689E-014
   7065.9765852445480     
   7065.9766065051363     
   4.3600283906931700E-015
   6.9978665993468250E-012
   2246.5542651412857     
   2246.3833974792815     
   3.5989776267820704E-009
   1.5495977394288926E-009
   666.36971998716388     
   666.47849525904780     
   1.1617588245902680E-006
   7.5713494265834452E-014
   22316.147706761174     
   22316.147719949175     
   4.3793264241571854E-013
   1.4851188378157832E-014
   7065.9766152088187     
   7065.9766065051381     
   2.9709670484094046E-014
   1.2180886355610782E-011
   2245.9280802604112     
   2246.3833974792728     
   5.5213894942158589E-009
   5.1196126988326468E-010
   667.05727112935631     
   666.47849525882020     
   1.2739499029482790E-006
   7.6687681756817748E-014
   22316.147716339547     
   22316.147719949175     
   4.4641273984661914E-013
   1.4838200632838700E-014
   7065.9766283595200     
   7065.9766065051363     
   2.0228118852594383E-014
   5.8943523075036675E-012
   2244.6249122460072     
   2246.3833974792792     
   3.3508209595428664E-009
   4.5113943638599651E-010
   668.51296812178111     
   666.47849525902132     
   5.5676347441628648E-007
   9.1631526548131531E-014
   22316.147767363105     
   22316.147719949171     
   2.3351922206116118E-013
   1.6563407532497042E-014
   7065.9766217189344     
   7065.9766065051363     
   6.3725434902320199E-015
   3.4758715785334416E-012
   2243.2834726245364     
   2246.3833974792769     
   1.1282453932212764E-008
   2.3230774865756240E-009
   669.99705284819186     
   666.47849525877314     
   7.9492336174156638E-007
   9.9710783205407973E-014
   22316.147795417728     
   22316.147719949175     
   1.4041013471704936E-013
   1.7451277857600917E-014
   7065.9766275571492     
   7065.9766065051381     
   6.4184758684784388E-015
   4.7855537383110559E-012
   2242.4705271304756     
   2246.3833974792788     
   1.2817984542922808E-008
   2.1861048827581096E-009
   670.89693353158918     
   666.47849525863865     
   9.8108927229291443E-007
   1.0168326817609748E-013
   22316.147801169667     
   22316.147719949175     
   1.2768263355459165E-013
   1.7651197637461545E-014
   7065.9766638374276     
   7065.9766065051363     
   1.2846786757217791E-014
   1.0058021672405225E-011
   2241.8840646934450     
   2246.3833974792715     
   4.4128670420467049E-009
   7.6241902899605592E-010
   671.55961208089502     
   666.47849525869344     
   7.9538682546671928E-007
   1.0045759902550717E-013
   22316.147805630018     
   22316.147719949171     
   1.9614078169488073E-013
   1.7462417169467321E-014
   7065.9767378404258     
   7065.9766065051363     
   1.3389231282144734E-014
   1.8611506834788174E-011
   2241.2548676743722     
   2246.3833974792738     
   2.6512211867108950E-009
   4.3083400448845554E-010
   672.26430867949750     
   666.47849525890649     
   5.1333376664223585E-007
   8.4843859812473229E-014
   22316.147799661030     
   22316.147722403093     
   5.2846287418663663E-014
   1.8581405489901751E-014
   7065.9765421995626     
   7065.9766132314962     
   8.4108669243434120E-015
   1.8093812641030007E-012
   2241.1338591507047     
   2246.6369917640277     
   2.4325637631810814E-009
   3.4148507260033948E-009
   672.25948384791195     
   666.19711856157130     
   9.8069714051109776E-007
   8.6278871086564365E-014
   22316.147800345239     
   22316.147722403093     
   5.1033655873591227E-014
   1.9072677588344563E-014
   7065.9765448835205     
   7065.9766132314962     
   9.1646567492333817E-015
   9.0396531688852446E-012
   2241.8086138416720     
   2246.6369917640332     
   4.3106164652507025E-010
   4.4199920583744237E-009
   671.55943507137101     
   666.19711856163553     
   6.5642399679903804E-007
   8.4944905441093982E-014
   22316.147793299024     
   22316.147722403093     
   3.7379645197022784E-014
   1.9327796059527350E-014
   7065.9765481895720     
   7065.9766132314980     
   9.6056266014915069E-015
   1.0200634720461620E-011
   2242.4123836215704     
   2246.6369917640363     
   8.3889080963335806E-010
   5.4713530591810760E-009
   670.89811141853738     
   666.19711856074389     
   4.5579588675685596E-007
   7.8258429356928193E-014
   22316.147754889116     
   22316.147722403093     
   8.6827630741335713E-015
   1.9208561504015316E-014
   7065.9765521906247     
   7065.9766132314962     
   9.8757104837857013E-015
   7.9291850478721975E-012
   2243.2151591011493     
   2246.6369917640359     
   2.9568855259449322E-009
   2.1625125451611297E-009
   669.99674609585884     
   666.19711856167078     
   7.5793523093755343E-007
   6.5266316697793013E-014
   22316.147707093009     
   22316.147722403093     
   5.6490601144120243E-014
   1.8173345468092580E-014
   7065.9765557459978     
   7065.9766132314980     
   6.0345581467829475E-015
   7.6182171207058738E-012
   2244.5626137483646     
   2246.6369917640236     
   1.5740310563143055E-009
   2.7501668696575674E-010
   668.51254400666539     
   666.19711856109052     
   8.8166935982066371E-008
   6.3330102323134139E-014
   22316.147717033484     
   22316.147722403093     
   1.6724405278439727E-014
   1.7525529057145579E-014
   7065.9765524289987     
   7065.9766132314990     
   2.4700445457067615E-014
   1.7584693094638025E-011
   2245.8904700162493     
   2246.6369917640241     
   1.1111032094873129E-009
   1.3926235488970835E-009
   667.05783231812632     
   666.19711856165327     
   6.1991748798806054E-007
   7.5155642144422592E-014
   22316.147767292190     
   22316.147722403090     
   6.1367838826256490E-014
   1.8130525739995476E-014
   7065.9765469598506     
   7065.9766132314980     
   2.5553969830396944E-014
   1.5799753307933505E-011
   2246.5178431901491     
   2246.6369917640345     
   2.5595275430183133E-009
   7.9602467783269929E-010
   666.37092714282187     
   666.19711856122638     
   4.9372164471939258E-007
   8.3404478203129214E-014
   22316.147794364661     
   22316.147722403093     
   6.7112263833851833E-014
   1.8717001666153337E-014
   7065.9765467838097     
   7065.9766132314980     
   2.2605773595069939E-014
   1.4800761300918101E-012
   2246.6835918111237     
   2246.6369917640122     
   2.1734976971869329E-009
   2.2278728032050206E-009
   666.19782921296508     
   666.19711856125616     
   2.9249868643034420E-007
   8.6596245363244830E-014
   22316.147798633570     
   22316.147722403093     
   6.6979372550568551E-014
   1.9030700911994623E-014
   7065.9765501639686     
   7065.9766132314962     
   1.9681253439690876E-014
   3.8734898041852764E-012
   2246.7455064318920     
   2246.6369917640236     
   1.1079788821116841E-009
   1.2277621029427920E-009
   666.15093743480668     
   666.19711856187541     
   4.6065306950703588E-007
   8.7339361250014613E-014
   22316.147799918039     
   22316.147722403093     
   6.5038267758748339E-014
   1.9224999645186251E-014
   7065.9765569223900     
   7065.9766132314962     
   1.7133670529318612E-014
   3.6244957204410152E-012
   2246.7693370800698     
   2246.6369917640068     
   6.0763347707815364E-010
   1.7015283990309692E-009
   666.15185862886290     
   666.19711856107313     
   4.8878032138501910E-007
   8.5552045206096806E-014
   22316.147793240183     
   22316.147722403093     
   6.2387731369612344E-014
   1.9274065312155652E-014
   7065.9765667851780     
   7065.9766132314962     
   1.5323389408616832E-014
   2.4926506788247748E-012
   2246.7303790091632     
   2246.6369917640327     
   3.2660238333182746E-010
   1.9754884353982249E-009
   666.19817880161679     
   666.19711856103618     
   3.1292665778748635E-007
   7.8540856863605460E-014
   22316.147755083643     
   22316.147722403090     
   5.3849727810246146E-014
   1.8997171116864094E-014
   7065.9765852445498     
   7065.9766132314962     
   1.3266717641196512E-014
   7.7743462470851247E-012
   2246.5542651422511     
   2246.6369917640277     
   3.4989494188233779E-009
   1.2706945226990322E-009
   666.36973802602847     
   666.19711856120318     
   7.6772284690805664E-007
   6.5383169609013517E-014
   22316.147706761167     
   22316.147722403093     
   1.9528001570178249E-014
   1.7919877418250724E-014
   7065.9766152088177     
   7065.9766132314962     
   1.0172261892328645E-014
   1.1088107386481992E-011
   2245.9280802150956     
   2246.6369917640354     
   2.6926626401896145E-009
   6.5147010980065712E-010
   667.05726949117150     
   666.19711856125275     
   3.9899272339193859E-007
   6.3410636031837975E-014
   22316.147716339536     
   22316.147722403093     
   4.2683065267989957E-014
   1.7371380763327908E-014
   7065.9766283595200     
   7065.9766132314980     
   8.9241621572467806E-015
   1.1996576817794437E-011
   2244.6249122241102     
   2246.6369917640318     
   4.0090096279215919E-009
   5.7129994270970381E-010
   668.51297132086631     
   666.19711856153060     
   3.2839769079223631E-007
   7.5082938623489427E-014
   22316.147767363109     
   22316.147722403093     
   5.1992076077956105E-014
   1.8015885621307061E-014
   7065.9766217189363     
   7065.9766132314962     
   1.0591072835760723E-014
   1.5062900868960450E-011
   2243.2834726219821     
   2246.6369917640213     
   2.7005253707480573E-009
   7.7824053662867964E-010
   669.99706381176350     
   666.19711856172660     
   7.5797780064369541E-007
   8.3046042894805445E-014
   22316.147795417728     
   22316.147722403093     
   5.5172109216270444E-014
   1.8526908901380446E-014
   7065.9766275571492     
   7065.9766132314980     
   1.1229343253192152E-014
   1.5519210178978247E-011
   2242.4705271159319     
   2246.6369917640382     
   6.2999220756814898E-009
   1.3655134567784279E-009
   670.89694264630270     
   666.19711856154754     
   3.5927537873210263E-007
   8.5766086093436088E-014
   22316.147801169664     
   22316.147722403093     
   5.2905681693089045E-014
   1.8706100334361501E-014
   7065.9766638374276     
   7065.9766132314962     
   1.0650525567572624E-014
   1.1875047705784976E-011
   2241.8840646833919     
   2246.6369917640377     
   1.7796257285696992E-009
   2.7531568350187055E-009
   671.55962360868614     
   666.19711856118181     
   2.2395539661559480E-007
   8.5746290687146101E-014
   22316.147805630018     
   22316.147722403093     
   5.0530722872812868E-014
   1.8701423836991380E-014
   7065.9767378404258     
   7065.9766132314980     
   1.0656887093190926E-014
   1.0823698383611111E-011
   2241.2548676880765     
   2246.6369917640354     
   1.5822873831680120E-009
   3.2517140596281914E-009
   672.26432890941931     
   666.19711856177219     
   2.5053223211715398E-007
   4.7209026184861911E-014
   22316.147799661030     
   22316.147715079467     
   1.3578416213950150E-013
   9.0509162004643825E-015
   7065.9765421995635     
   7065.9766273179230     
   6.7853955967578899E-015
   4.5739367503334383E-013
   2241.1338590565474     
   2246.3990954241876     
   2.7058661510548491E-009
   9.0943166466616953E-009
   672.25950454268252     
   666.47871477498484     
   3.0199996550006548E-006
   4.6494793275068251E-014
   22316.147800345232     
   22316.147715079456     
   1.8146007184221803E-013
   9.4060430063905278E-015
   7065.9765448835205     
   7065.9766273179230     
   2.0817946856831263E-014
   4.0788068526728870E-012
   2241.8086137922128     
   2246.3990954241990     
   1.4103583789885210E-009
   7.6308652698879083E-009
   671.55943732671813     
   666.47871477436820     
   1.3875424460794456E-006
   4.4242047524128469E-014
   22316.147793299020     
   22316.147715079464     
   1.4042095264208388E-013
   9.7671768145139860E-015
   7065.9765481895711     
   7065.9766273179230     
   2.0579432602913721E-014
   4.4503966065853094E-012
   2242.4123835629462     
   2246.3990954242031     
   3.5999527324863396E-009
   7.0814027554763344E-009
   670.89809518990660     
   666.47871477513308     
   2.3030026047934987E-006
   3.8913879275223318E-014
   22316.147754889116     
   22316.147715079464     
   9.0855491189235742E-014
   1.0169513146312388E-014
   7065.9765521906265     
   7065.9766273179257     
   2.0785056103191459E-014
   4.6882424602434239E-012
   2243.2151590749486     
   2246.3990954242067     
   1.9644633689423164E-009
   1.1047469413465156E-009
   669.99672363544516     
   666.47871477436888     
   2.0712495440853469E-006
   3.2187593478322116E-014
   22316.147707093001     
   22316.147715079460     
   1.0557208651171078E-013
   1.0236734441813427E-014
   7065.9765557459987     
   7065.9766273179230     
   2.1321169291492812E-014
   6.6645359664578018E-012
   2244.5626137742838     
   2246.3990954241981     
   3.5310200755791750E-009
   1.8285208692190798E-009
   668.51253660716225     
   666.47871477442095     
   6.4796418217232130E-007
   3.4432462880980740E-014
   22316.147717033487     
   22316.147715079464     
   1.4440659203247789E-013
   9.8273045821385042E-015
   7065.9765524289969     
   7065.9766273179221     
   4.7447152144826378E-014
   1.1734424965870340E-011
   2245.8904700185108     
   2246.3990954241845     
   1.4134035660271434E-009
   9.1631329448102379E-010
   667.05782184217492     
   666.47871477437832     
   6.1555744903471882E-007
   4.3056517953488689E-014
   22316.147767292190     
   22316.147715079464     
   7.0787924547846293E-014
   9.5619924980276885E-015
   7065.9765469598497     
   7065.9766273179221     
   2.0828966421909619E-014
   9.1464954542379501E-012
   2246.5178431587310     
   2246.3990954242054     
   3.2277025786933534E-010
   4.0979654822461599E-009
   666.37091925568222     
   666.47871477466151     
   3.8712210382084025E-007
   4.7287033015938900E-014
   22316.147794364668     
   22316.147715079464     
   6.2295601834765088E-014
   9.5540396194390641E-015
   7065.9765467838088     
   7065.9766273179230     
   1.8810872413993321E-014
   1.9226140176671250E-012
   2246.6835917801509     
   2246.3990954242067     
   1.8890987612573322E-009
   7.2246774684585866E-009
   666.19783292546754     
   666.47871477494459     
   6.5995604148259398E-007
   4.8098830360023061E-014
   22316.147798633570     
   22316.147715079460     
   1.1060143936109045E-013
   9.6113664935890596E-015
   7065.9765501639695     
   7065.9766273179230     
   1.6683294488778509E-014
   1.9990950716223786E-012
   2246.7455063995285     
   2246.3990954241858     
   4.3919021374373385E-010
   5.0762913402273091E-009
   666.15093832685341     
   666.47871477428862     
   7.3963260111512260E-008
   4.7171027647238481E-014
   22316.147799918042     
   22316.147715079467     
   1.4497142334127745E-013
   9.7598395763401837E-015
   7065.9765569223900     
   7065.9766273179230     
   2.8949764172886267E-014
   2.0537923257247407E-012
   2246.7693370402121     
   2246.3990954241794     
   6.1558292803805009E-010
   3.5386126084754163E-009
   666.15185264395905     
   666.47871477460012     
   9.2311562886686510E-007
   4.4788127208432027E-014
   22316.147793240183     
   22316.147715079464     
   8.0432130277536349E-014
   9.9755167841152063E-015
   7065.9765667851780     
   7065.9766273179230     
   2.6167142122070218E-014
   4.5682865265275543E-012
   2246.7303789598177     
   2246.3990954241976     
   2.2253807094363762E-009
   2.9213135042709374E-009
   666.19815680196336     
   666.47871477452929     
   1.8177295314997292E-006
   3.9329702897295685E-014
   22316.147755083643     
   22316.147715079464     
   3.8792538185520144E-014
   1.0253564914763522E-014
   7065.9765852445480     
   7065.9766273179230     
   2.4567103700575901E-014
   6.3463274765564274E-012
   2246.5542651473115     
   2246.3990954241954     
   4.8136919597846685E-009
   1.6387275835440712E-009
   666.36972087687957     
   666.47871477452804     
   9.8444030665064448E-007
   3.2304905799094040E-014
   22316.147706761174     
   22316.147715079460     
   3.9819267543743963E-013
   1.0249958169996744E-014
   7065.9766152088187     
   7065.9766273179248     
   1.0432024997230779E-014
   1.0706740344293827E-011
   2245.9280802597118     
   2246.3990954241858     
   4.5750626586597023E-009
   9.8911382770920333E-010
   667.05727218412255     
   666.47871477430692     
   1.2505055209121010E-006
   3.3999076197841559E-014
   22316.147716339543     
   22316.147715079460     
   3.9417899534309232E-013
   9.8939086373358330E-015
   7065.9766283595191     
   7065.9766273179221     
   3.6842668064798546E-014
   1.5708135056740092E-011
   2244.6249122469658     
   2246.3990954241976     
   1.7189938837562939E-009
   3.1069590484881048E-009
   668.51296852305018     
   666.47871477427941     
   3.6096270477657562E-007
   4.2018798332573688E-014
   22316.147767363109     
   22316.147715079464     
   1.3689487108627561E-013
   9.7108475294864855E-015
   7065.9766217189363     
   7065.9766273179230     
   1.9068057960937839E-014
   1.3549887149319976E-011
   2243.2834726311085     
   2246.3990954241885     
   4.7748009006850825E-009
   3.3009828283513615E-009
   669.99705318573467     
   666.47871477446699     
   2.7162827962983020E-007
   4.5809902655836926E-014
   22316.147795417728     
   22316.147715079460     
   4.0898304577693384E-014
   9.7201286763039507E-015
   7065.9766275571483     
   7065.9766273179221     
   2.7191250006788146E-014
   6.3371254956395795E-012
   2242.4705271349899     
   2246.3990954241858     
   7.2500353862945653E-009
   3.2523359033528375E-009
   670.89693369829467     
   666.47871477452509     
   9.7724126067025749E-007
   4.6219308658910973E-014
   22316.147801169664     
   22316.147715079464     
   2.8548980857215131E-014
   9.7351026363997551E-015
   7065.9766638374258     
   7065.9766273179230     
   1.1230147203504223E-014
   4.3847438361614540E-013
   2241.8840646986841     
   2246.3990954241935     
   4.4274733500338069E-009
   4.0182972429783496E-009
   671.55961245052742     
   666.47871477443118     
   6.9248638929634189E-007
   4.4758559949116020E-014
   22316.147805630022     
   22316.147715079464     
   9.6577946474281258E-014
   9.7997086586055056E-015
   7065.9767378404258     
   7065.9766273179230     
   2.9906386828650080E-014
   1.1110127534409143E-012
   2241.2548676750521     
   2246.3990954242045     
   1.7512666817919205E-009
   4.2864486980412580E-009
   672.26430920048313     
   666.47871477385820     
   4.7258282309668181E-007
   3.1680120562759272E-014
   22316.147799661027     
   22316.147707102074     
   2.5804404039873646E-013
   3.3344013127591476E-015
   7065.9765421995644     
   7065.9766444427542     
   3.9501563079528102E-014
   4.8144471660305041E-012
   2241.1338591165768     
   2245.6540617300716     
   1.2930698030340010E-009
   7.4779182692651080E-009
   672.25949488864956     
   667.33652064688124     
   3.3910928772368922E-006
   3.1702372556236012E-014
   22316.147800345236     
   22316.147707102082     
   2.6221658337700009E-013
   3.5011020479014088E-015
   7065.9765448835215     
   7065.9766444427542     
   4.2273406608516010E-014
   2.6362920154783323E-012
   2241.8086138251306     
   2245.6540617300784     
   1.0451306208339271E-009
   4.6498975402636250E-009
   671.55943776368213     
   667.33652064676562     
   1.6344013588400530E-006
   3.0997676462405539E-014
   22316.147793299027     
   22316.147707102082     
   2.5181422116819520E-013
   3.6701534941985615E-015
   7065.9765481895711     
   7065.9766444427542     
   4.3144476031339792E-014
   8.9376969340146440E-013
   2242.4123836002550     
   2245.6540617300861     
   2.0219432106173759E-009
   4.7159314724202883E-009
   670.89810878569335     
   667.33652064686419     
   2.1296214815912457E-006
   2.8906409743329769E-014
   22316.147754889116     
   22316.147707102078     
   1.7937041922576962E-013
   3.8738310299877363E-015
   7065.9765521906238     
   7065.9766444427532     
   3.2713049789597986E-014
   1.3802999537465315E-012
   2243.2151590894082     
   2245.6540617300857     
   1.6486071719946439E-009
   8.4482147203198553E-010
   669.99673984800540     
   667.33652064677233     
   1.9228909173131449E-006
   2.5654211585878616E-014
   22316.147707093009     
   22316.147707102082     
   9.5151758822706373E-014
   3.9931909608607075E-015
   7065.9765557459987     
   7065.9766444427532     
   2.1987813299796021E-014
   2.4179357201463522E-012
   2244.5626137556351     
   2245.6540617300839     
   1.5670185787893702E-009
   1.4839107209941526E-010
   668.51254093783871     
   667.33652064686362     
   6.0969191633697307E-007
   2.6501085784759663E-014
   22316.147717033487     
   22316.147707102078     
   9.9335442643946598E-014
   3.8739009821889864E-015
   7065.9765524289978     
   7065.9766444427542     
   2.7370784077177694E-014
   8.2275196533185073E-013
   2245.8904700171320     
   2245.6540617300684     
   5.1644747437112718E-010
   5.6996554741136151E-009
   667.05782917607246     
   667.33652064661601     
   5.3978086232842489E-007
   3.0697611992881564E-014
   22316.147767292197     
   22316.147707102082     
   1.2817016319806439E-013
   3.7123950841081504E-015
   7065.9765469598497     
   7065.9766444427532     
   3.7103969537013470E-014
   3.8770133815579026E-012
   2246.5178431804375     
   2245.6540617300998     
   1.5371563755425347E-009
   5.2296520428507957E-009
   666.37092661346776     
   667.33652064683952     
   5.2735655687530646E-007
   3.2677732360304958E-014
   22316.147794364661     
   22316.147707102078     
   1.5049947194263180E-013
   3.6676472299314946E-015
   7065.9765467838088     
   7065.9766444427532     
   3.7649558038874441E-014
   5.4045995653081234E-013
   2246.6835918018078     
   2245.6540617300761     
   8.3768685475991897E-010
   5.5868433931582597E-009
   666.19783321300190     
   667.33652064655848     
   4.4215745355225151E-007
   3.3045727219073118E-014
   22316.147798633570     
   22316.147707102078     
   1.5748687222123411E-013
   3.6950663040250817E-015
   7065.9765501639695     
   7065.9766444427532     
   3.9985865052799573E-014
   2.1286440476256249E-012
   2246.7455064209607     
   2245.6540617300693     
   2.9693054057917062E-010
   3.3252557667213759E-009
   666.15094075800857     
   667.33652064684020     
   7.9957196882885996E-007
   3.2679278959628285E-014
   22316.147799918039     
   22316.147707102074     
   1.6687077548260846E-013
   3.7709032273272620E-015
   7065.9765569223919     
   7065.9766444427542     
   4.1862256997894387E-014
   7.3364460105571866E-013
   2246.7693370653742     
   2245.6540617300684     
   5.6013544018466067E-010
   1.8200322259066967E-009
   666.15186014903168     
   667.33652064687510     
   7.3939750498096867E-007
   3.1673978109626671E-014
   22316.147793240183     
   22316.147707102078     
   1.7189287940275565E-013
   3.8745952983380377E-015
   7065.9765667851780     
   7065.9766444427542     
   4.0733627216181201E-014
   5.2299273953826364E-013
   2246.7303789900261     
   2245.6540617300848     
   1.2968868931929999E-009
   9.4080735721180184E-010
   666.19817440116537     
   667.33652064704825     
   1.3580583830443308E-006
   2.9270635013380795E-014
   22316.147755083643     
   22316.147707102082     
   1.6014824349237946E-013
   4.0204065314417459E-015
   7065.9765852445498     
   7065.9766444427542     
   2.6854822299113062E-014
   3.3919151724752604E-013
   2246.5542651390106     
   2245.6540617300693     
   1.1800669362862219E-009
   1.6748854932418050E-010
   666.36973218169760     
   667.33652064707894     
   1.0852775439115724E-006
   2.5649375343037555E-014
   22316.147706761174     
   22316.147707102082     
   9.4095173421951553E-014
   4.1099228349092911E-015
   7065.9766152088187     
   7065.9766444427542     
   3.7406915812048408E-015
   3.9096986340273207E-012
   2245.9280802304270     
   2245.6540617300611     
   2.0363663057131104E-009
   2.6207374189061441E-009
   667.05726865940267     
   667.33652064685225     
   1.0569412660647453E-006
   2.6083907844880841E-014
   22316.147716339547     
   22316.147707102082     
   7.2539711248050658E-015
   4.0459522282269750E-015
   7065.9766283595191     
   7065.9766444427532     
   1.7892085100413578E-014
   4.4589312503506424E-012
   2244.6249122298577     
   2245.6540617300725     
   1.1023518553476346E-009
   3.3566560274222800E-009
   668.51297005622405     
   667.33652064669593     
   4.5838259491643247E-007
   2.9887073934184353E-014
   22316.147767363109     
   22316.147707102078     
   3.3833906959375503E-014
   3.9740890126949374E-015
   7065.9766217189363     
   7065.9766444427532     
   2.7859138017068001E-014
   2.3398394159554439E-012
   2243.2834726185988     
   2245.6540617300761     
   7.9124444971170020E-009
   2.6049654232640016E-009
   669.99706189483197     
   667.33652064681360     
   4.4820264351013095E-007
   3.1529568660481885E-014
   22316.147795417728     
   22316.147707102082     
   2.7992354348426674E-014
   3.9736945013478999E-015
   7065.9766275571483     
   7065.9766444427532     
   3.6465556503002199E-014
   5.2092309511568906E-012
   2242.4705271178509     
   2245.6540617300543     
   1.2684322052288890E-008
   2.7392504177670390E-009
   670.89694232748866     
   667.33652064686248     
   1.5100980340913244E-006
   3.1591914933254842E-014
   22316.147801169667     
   22316.147707102082     
   3.1951347506105972E-014
   4.0006079713340022E-015
   7065.9766638374258     
   7065.9766444427532     
   4.6093145602542219E-014
   5.7590978466727766E-012
   2241.8840646827584     
   2245.6540617300684     
   2.4261067050832439E-009
   3.1033978872830117E-009
   671.55962270428711     
   667.33652064652517     
   2.3034246988292943E-007
   3.0843513795258362E-014
   22316.147805630022     
   22316.147707102078     
   5.4102450173496973E-014
   4.0576548813423209E-015
   7065.9767378404258     
   7065.9766444427542     
   5.3236226536315745E-014
   3.1304679199579308E-012
   2241.2548676806291     
   2245.6540617300861     
   2.7657423910872765E-009
   2.8760460316480839E-009
   672.26432649767662     
   667.33652064700891     
   2.0797453393879113E-007
   2.3403105892128092E-014
   22316.147799661030     
   22316.147725131119     
   4.1239535501712181E-013
   5.9588724637364449E-016
   7065.9765421995635     
   7065.9766628653915     
   8.2838936156961919E-014
   5.4402522636513216E-012
   2241.1338590914916     
   2244.3796279260887     
   1.3271197101156173E-009
   2.6577645717692963E-009
   672.25949093047700     
   668.77583769475461     
   3.9080847449245395E-006
   2.3776269375309317E-014
   22316.147800345239     
   22316.147725131119     
   5.9139558918965874E-013
   5.5892697497929797E-016
   7065.9765448835215     
   7065.9766628653915     
   1.0868621059811187E-013
   4.3432338694707319E-012
   2241.8086138086833     
   2244.3796279260837     
   3.4297095665890551E-009
   1.1123893846196741E-009
   671.55943472464014     
   668.77583769493538     
   1.8322235163178571E-006
   2.3872547344692402E-014
   22316.147793299024     
   22316.147725131112     
   8.1330976877264787E-013
   5.1567163637415335E-016
   7065.9765481895711     
   7065.9766628653915     
   1.7979269321493165E-013
   3.2625147267726686E-012
   2242.4123835784121     
   2244.3796279260987     
   4.8161724306351157E-009
   2.8402054385069729E-009
   670.89809779371717     
   668.77583769442299     
   1.8867353626255925E-006
   2.3697605145885248E-014
   22316.147754889116     
   22316.147725131115     
   2.8016513296693087E-013
   4.6967972746294101E-016
   7065.9765521906238     
   7065.9766628653915     
   7.0918403526173032E-014
   4.0826818267181106E-012
   2243.2151590802187     
   2244.3796279260991     
   3.4914216301405739E-009
   9.3751528106616139E-011
   669.99672915922099     
   668.77583769507476     
   1.8496291945053827E-006
   2.3029375198536603E-014
   22316.147707093009     
   22316.147725131119     
   2.1551230139692337E-013
   4.0890311720492286E-016
   7065.9765557459968     
   7065.9766628653897     
   7.2818066012265014E-014
   1.6070318333762966E-012
   2244.5626137680783     
   2244.3796279260960     
   5.7452401017346843E-010
   2.0041254273282512E-009
   668.51253899947903     
   668.77583769485250     
   4.7310235764892835E-007
   2.3579731890516914E-014
   22316.147717033487     
   22316.147725131119     
   8.4890764660210484E-014
   3.9389385837084157E-016
   7065.9765524289969     
   7065.9766628653915     
   8.7287607233868135E-015
   5.0552264467814992E-013
   2245.8904700190787     
   2244.3796279260846     
   1.1530595048451525E-009
   4.0728010977699093E-009
   667.05782444969714     
   668.77583769477189     
   9.8689951805608266E-007
   2.4778639470571356E-014
   22316.147767292194     
   22316.147725131115     
   1.7501682952024756E-013
   4.0900442492640266E-016
   7065.9765469598506     
   7065.9766628653915     
   6.5654992696308248E-014
   1.4344897891216005E-012
   2246.5178431664863     
   2244.3796279261001     
   4.8598864516473546E-010
   4.7673142811428921E-010
   666.37091966698642     
   668.77583769475984     
   1.0555207019440014E-006
   2.5094618296114127E-014
   22316.147794364661     
   22316.147725131119     
   4.6186639203913591E-013
   4.0290149612704077E-016
   7065.9765467838097     
   7065.9766628653915     
   4.7021376593793340E-014
   2.3010830460969849E-012
   2246.6835917872613     
   2244.3796279260728     
   3.1417797682354202E-010
   1.1958392932227228E-009
   666.19782951054208     
   668.77583769460750     
   7.6452779693083063E-007
   2.5135633442920329E-014
   22316.147798633574     
   22316.147725131119     
   1.5808210178908016E-013
   3.9436574262821368E-016
   7065.9765501639695     
   7065.9766628653915     
   7.7760774588842939E-014
   4.5985883877070177E-012
   2246.7455064067340     
   2244.3796279260810     
   4.6122641653454202E-010
   4.5068165842566999E-010
   666.15093562954189     
   668.77583769476951     
   8.4602090651288825E-007
   2.5002774442055490E-014
   22316.147799918035     
   22316.147725131115     
   3.0923561071829047E-013
   3.7267457903719789E-016
   7065.9765569223900     
   7065.9766628653915     
   1.1085112570568023E-013
   2.1120555052586388E-012
   2246.7693370490288     
   2244.3796279260778     
   1.4937610545867603E-009
   3.4508434495257797E-010
   666.15185146015858     
   668.77583769493776     
   9.8850502846981568E-007
   2.4728750280741343E-014
   22316.147793240183     
   22316.147725131112     
   5.2858871871952108E-013
   3.4658323159133357E-016
   7065.9765667851780     
   7065.9766628653915     
   1.9527956149699489E-013
   2.2051775971346160E-012
   2246.7303789711277     
   2244.3796279260887     
   1.8950698538315346E-009
   6.8726316541594880E-010
   666.19816073652919     
   668.77583769454031     
   1.4057522652742054E-006
   2.4208862575794530E-014
   22316.147755083643     
   22316.147725131119     
   4.5442662149648932E-013
   3.2428668663566068E-016
   7065.9765852445471     
   7065.9766628653915     
   5.6763447265224465E-014
   2.1600537907990681E-012
   2246.5542651459195     
   2244.3796279260832     
   5.4738925475871090E-010
   5.2177006282654482E-010
   666.36972570986086     
   668.77583769483169     
   1.7369428761219132E-006
   2.3109586419422965E-014
   22316.147706761174     
   22316.147725131119     
   5.6190595169655699E-013
   2.8870568951706611E-016
   7065.9766152088177     
   7065.9766628653897     
   6.4146103549440886E-014
   7.8088956196359707E-013
   2245.9280802501876     
   2244.3796279260791     
   2.3512306175386189E-009
   1.4420115119342082E-009
   667.05727250982579     
   668.77583769498744     
   6.6114535580766338E-007
   2.3171016171788438E-014
   22316.147716339547     
   22316.147725131119     
   4.2278778397425582E-013
   2.8778518499880706E-016
   7065.9766283595191     
   7065.9766628653915     
   5.8098898800650363E-015
   2.5330409380872474E-012
   2244.6249122417112     
   2244.3796279260810     
   3.0836721771555692E-009
   1.3529393052027260E-009
   668.51296939669896     
   668.77583769462933     
   1.1230863182983576E-006
   2.3990670364081913E-014
   22316.147767363105     
   22316.147725131115     
   3.0370739333227474E-013
   3.3301303134628699E-016
   7065.9766217189363     
   7065.9766628653915     
   3.5341934369387126E-014
   5.1725065510715294E-012
   2243.2834726283236     
   2244.3796279260841     
   5.4363195036043203E-009
   1.4485670059352651E-009
   669.99705426156709     
   668.77583769532600     
   3.2994507451819055E-007
   2.4061467009403249E-014
   22316.147795417724     
   22316.147725131115     
   2.5906014961750838E-013
   3.7628193942513494E-016
   7065.9766275571483     
   7065.9766628653915     
   3.2331323190777895E-014
   2.9288407052296760E-012
   2242.4705271309153     
   2244.3796279260760     
   5.0357764040115524E-009
   2.1037275165278418E-009
   670.89693310844473     
   668.77583769444379     
   1.7614919559392419E-006
   2.3847682682594486E-014
   22316.147801169664     
   22316.147725131115     
   9.6306303101536229E-014
   4.1801655131038273E-016
   7065.9766638374276     
   7065.9766628653915     
   8.8874119560426995E-014
   1.7839677543981052E-012
   2241.8840646961198     
   2244.3796279260878     
   1.5507110667085860E-009
   2.8491196842433311E-009
   671.55961229738023     
   668.77583769513819     
   8.1804682351871817E-007
   2.3337301433077693E-014
   22316.147805630022     
   22316.147725131115     
   2.2849152007892087E-013
   4.6067880387886225E-016
   7065.9767378404267     
   7065.9766628653924     
   1.2722081882084565E-013
   9.9506362386393152E-013
   2241.2548676809897     
   2244.3796279260850     
   2.5020448703344942E-009
   2.4163809683621256E-009
   672.26431014693367     
   668.77583769527371     
   8.9201430618855939E-007
   7.0547747860962030E-014
   22316.147799661034     
   22316.147762477751     
   4.8776031004019964E-013
   1.9785363625617992E-015
   7065.9765421995717     
   7065.9766895244156     
   8.6177632282906222E-014
   1.7911060266669195E-012
   2241.1338590894038     
   2243.0558891721780     
   2.3293743763229300E-010
   2.3304749948230981E-009
   672.25950696628649     
   670.23580435934912     
   6.7361557069039502E-006
   7.1301095730654906E-014
   22316.147800345239     
   22316.147762477751     
   3.4009090794102888E-013
   2.0030480013720386E-015
   7065.9765448835296     
   7065.9766895244156     
   5.6398142236070625E-014
   3.7353484193896141E-012
   2241.8086138161084     
   2243.0558891721666     
   4.5824396764615873E-010
   1.5811225355864235E-009
   671.55943949129210     
   670.23580435909878     
   1.8462569867668270E-006
   6.9441332015675315E-014
   22316.147793299042     
   22316.147762477751     
   2.3552313924298550E-013
   1.9689929279775574E-015
   7065.9765481895793     
   7065.9766895244147     
   4.2881371647070366E-014
   4.7315016094561279E-012
   2242.4123835985088     
   2243.0558891721867     
   1.2094369257910911E-009
   4.5958877309440947E-009
   670.89810798594146     
   670.23580435954364     
   1.7698207044258326E-006
   6.2998424035222162E-014
   22316.147754889123     
   22316.147762477751     
   3.4084635993709495E-013
   1.8607552128111145E-015
   7065.9765521906293     
   7065.9766895244156     
   5.1609685446529819E-014
   6.3330751036072711E-012
   2243.2151590895064     
   2243.0558891721907     
   4.1633115239967727E-010
   7.5115438676177552E-010
   669.99673642896596     
   670.23580435904898     
   1.5139252857567909E-006
   5.3002420055415568E-014
   22316.147707093009     
   22316.147762477751     
   3.9409356751033145E-013
   1.6309857911996388E-015
   7065.9765557460023     
   7065.9766895244156     
   6.7623007809410796E-014
   5.9122916466934394E-012
   2244.5626137546560     
   2243.0558891721853     
   2.3732889026215408E-009
   5.8979099118869623E-010
   668.51253869506274     
   670.23580435932013     
   7.6522639862490611E-007
   5.3095062789141438E-014
   22316.147717033484     
   22316.147762477754     
   5.3095831494169016E-014
   1.5777037746654422E-015
   7065.9765524290033     
   7065.9766895244156     
   1.7739320365320849E-014
   2.1965334404002561E-012
   2245.8904700162102     
   2243.0558891721826     
   3.7563628163818010E-010
   1.5627527906424363E-010
   667.05782791741649     
   670.23580435904944     
   1.9756712109987273E-007
   6.3475145010883423E-014
   22316.147767292197     
   22316.147762477754     
   2.1002667811563307E-013
   1.7355048944515021E-015
   7065.9765469598551     
   7065.9766895244175     
   5.5692345693622222E-014
   2.1539712415623699E-012
   2246.5178431793361     
   2243.0558891721785     
   9.9924360090446344E-011
   1.7102646879784871E-009
   666.37092732456142     
   670.23580435964027     
   3.0206613570137839E-007
   7.0472722579271194E-014
   22316.147794364675     
   22316.147762477754     
   2.5127116637920415E-013
   1.8080879553401735E-015
   7065.9765467838115     
   7065.9766895244156     
   7.3214625172215459E-014
   2.3768450266717388E-012
   2246.6835918010484     
   2243.0558891721821     
   3.3314946096787675E-010
   1.0964791587789432E-009
   666.19783611312096     
   670.23580435894348     
   6.8247286947342268E-007
   7.2947637061624498E-014
   22316.147798633585     
   22316.147762477754     
   3.0052830827762195E-013
   1.8344420589104552E-015
   7065.9765501639786     
   7065.9766895244156     
   6.4605587987473887E-014
   4.2079128770905815E-012
   2246.7455064203418     
   2243.0558891721648     
   4.9172354952951552E-010
   7.3722278848660305E-010
   666.15094350113020     
   670.23580435902738     
   9.1263943540421404E-007
   7.3007591638546332E-014
   22316.147799918035     
   22316.147762477751     
   3.1428856345641188E-013
   1.8390510680889580E-015
   7065.9765569223991     
   7065.9766895244147     
   2.6128318528834937E-014
   2.2995842323805386E-012
   2246.7693370651182     
   2243.0558891721766     
   5.8654068078506932E-010
   6.3571889952381881E-010
   666.15186300907033     
   670.23580435914721     
   2.9602479625963885E-007
   7.0650166329885477E-014
   22316.147793240190     
   22316.147762477754     
   1.8249214285365089E-013
   1.8014938898054169E-015
   7065.9765667851862     
   7065.9766895244156     
   2.1589026494257753E-014
   3.1902408393129380E-012
   2246.7303789884468     
   2243.0558891721698     
   5.9583479401738280E-010
   1.1327926155385652E-009
   666.19817395504117     
   670.23580435915289     
   2.6996742687504280E-007
   6.3746769578729919E-014
   22316.147755083653     
   22316.147762477754     
   3.8451480327114797E-013
   1.7044089901684327E-015
   7065.9765852445507     
   7065.9766895244156     
   1.4146906823629112E-014
   2.9961186462651656E-012
   2246.5542651361689     
   2243.0558891721771     
   1.9516971116458036E-009
   7.6014975841176026E-010
   666.36972890084110     
   670.23580435921224     
   5.0068445720982729E-007
   5.3250360550839891E-014
   22316.147706761170     
   22316.147762477754     
   9.1247623620824036E-013
   1.4918664349567189E-015
   7065.9766152088196     
   7065.9766895244175     
   5.7842943331564174E-014
   2.7380789854705101E-012
   2245.9280802309181     
   2243.0558891721694     
   3.5917129231570729E-009
   4.0143998938722829E-010
   667.05726789892208     
   670.23580435932911     
   8.7470968099049749E-007
   5.2894675968452581E-014
   22316.147716339543     
   22316.147762477754     
   6.2285797499136739E-013
   1.4577548987545614E-015
   7065.9766283595227     
   7065.9766895244156     
   2.6061318253947850E-014
   2.4393153653114200E-012
   2244.6249122320110     
   2243.0558891721807     
   2.9909081849871225E-009
   7.0444063296718890E-010
   668.51297018700257     
   670.23580435893530     
   2.7654306397376592E-007
   6.2854973867632844E-014
   22316.147767363109     
   22316.147762477751     
   3.0471196735438787E-013
   1.6494988946184249E-015
   7065.9766217189363     
   7065.9766895244175     
   5.2666467358152049E-014
   3.4770534106116670E-012
   2243.2834726212759     
   2243.0558891721785     
   5.1003410397427856E-009
   3.3849617089932329E-009
   669.99706291247503     
   670.23580435940210     
   4.3878228534583815E-007
   6.9455165971646169E-014
   22316.147795417732     
   22316.147762477754     
   8.7614909531943232E-014
   1.7566624445063971E-015
   7065.9766275571537     
   7065.9766895244156     
   7.0689409641881615E-014
   1.9319709333932708E-012
   2242.4705271199737     
   2243.0558891721794     
   4.0884749085428104E-010
   4.0062168641283351E-009
   670.89694500441715     
   670.23580435872304     
   4.0796318647563486E-007
   7.1482438461142846E-014
   22316.147801169671     
   22316.147762477758     
   1.3339575429686319E-013
   1.7997900716877430E-015
   7065.9766638374358     
   7065.9766895244156     
   8.2997706040270298E-014
   2.3010832279495136E-012
   2241.8840646818853     
   2243.0558891721566     
   8.7101573488085816E-010
   4.8998585397258498E-009
   671.55962467231780     
   670.23580435886970     
   5.9706209347303476E-007
   7.0913245375703854E-014
   22316.147805630033     
   22316.147762477751     
   1.8842175797204655E-013
   1.8006882865504998E-015
   7065.9767378404340     
   7065.9766895244156     
   4.6815438088944254E-014
   3.1816704197281958E-012
   2241.2548676781130     
   2243.0558891721621     
   1.5807909198712560E-009
   2.5455726145683843E-009
   672.26432848884315     
   670.23580435952249     
   2.0698020001559071E-006
   5.4453219372054096E-014
   22316.147799661030     
   22316.147782399352     
   5.0516179254879124E-013
   1.4331441876427297E-015
   7065.9765421995635     
   7065.9767517179380     
   6.6440453916476000E-014
   3.4670709504674595E-012
   2241.1338591035733     
   2241.9947799167426     
   1.3742184963982409E-009
   2.1246784236664861E-009
   672.25949640208319     
   671.36909249608811     
   8.7758649438731568E-006
   5.5806701256167072E-014
   22316.147800345232     
   22316.147782399345     
   2.5372960377401850E-013
   1.4780255323950751E-015
   7065.9765448835215     
   7065.9767517179380     
   4.9135250184447654E-014
   7.0661685364098357E-012
   2241.8086138109088     
   2241.9947799167207     
   3.2618930714168851E-009
   1.1620275734278339E-009
   671.55943535856500     
   671.36909249640019     
   2.2638255306476345E-006
   5.6021405318216319E-014
   22316.147793299020     
   22316.147782399352     
   3.7453968069247280E-013
   1.4294346183046194E-015
   7065.9765481895674     
   7065.9767517179380     
   1.6364004739303796E-013
   5.2293668493652461E-012
   2242.4123835800788     
   2241.9947799167539     
   4.3240017988133392E-009
   2.3779072584249885E-009
   670.89810014739805     
   671.36909249576877     
   2.5092687507562689E-006
   5.3903341388039765E-014
   22316.147754889113     
   22316.147782399348     
   3.7504819176099032E-013
   1.2212590917002012E-015
   7065.9765521906202     
   7065.9767517179371     
   8.5282511214743602E-014
   3.9535174783907479E-012
   2243.2151590854146     
   2241.9947799167444     
   1.5286497169752260E-009
   1.6767327180615729E-009
   669.99673302543238     
   671.36909249608561     
   2.1867516242695786E-006
   4.7872558823858829E-014
   22316.147707093001     
   22316.147782399345     
   5.6501154946513839E-013
   7.7163483492019646E-016
   7065.9765557459996     
   7065.9767517179380     
   1.5858354106655990E-013
   6.8966506667693838E-012
   2244.5626137700579     
   2241.9947799167358     
   6.4456698864965341E-010
   1.4681567826312782E-009
   668.51254079183457     
   671.36909249633641     
   6.4418567146359650E-007
   4.6675144377659623E-014
   22316.147717033484     
   22316.147782399345     
   3.0554832574604486E-014
   6.3497287869881803E-016
   7065.9765524289978     
   7065.9767517179380     
   2.4745588195539469E-014
   7.8523724878499368E-012
   2245.8904700186949     
   2241.9947799167412     
   3.5106921264899779E-010
   1.1202563195186408E-009
   667.05782492475737     
   671.36909249585108     
   6.0123883695976638E-007
   5.2080723152296723E-014
   22316.147767292194     
   22316.147782399348     
   2.3059689647693965E-013
   9.2962054745633005E-016
   7065.9765469598497     
   7065.9767517179380     
   4.1246543256808283E-014
   8.8571073680968051E-012
   2246.5178431684303     
   2241.9947799167276     
   6.6572126222823761E-010
   9.9432361648731728E-010
   666.37091934785167     
   671.36909249661358     
   1.3517510317704771E-006
   5.5438179991585632E-014
   22316.147794364661     
   22316.147782399345     
   4.4807272442052786E-013
   1.1219653366421944E-015
   7065.9765467838088     
   7065.9767517179380     
   8.0693799636629076E-014
   9.3624895087871943E-012
   2246.6835917888593     
   2241.9947799167489     
   8.0523006388750132E-010
   2.2515123434987778E-009
   666.19782800292978     
   671.36909249598466     
   5.2098345583080569E-007
   5.6881526697161665E-014
   22316.147798633574     
   22316.147782399348     
   3.9707292499696887E-013
   1.2029131277654021E-015
   7065.9765501639695     
   7065.9767517179371     
   3.4126725515264258E-014
   8.6994853141135542E-012
   2246.7455064092032     
   2241.9947799167421     
   7.7052336926975975E-010
   3.2324731563077850E-010
   666.15093434847415     
   671.36909249627081     
   9.7777192272852265E-007
   5.7553618079220375E-014
   22316.147799918039     
   22316.147782399348     
   2.4157942408949799E-013
   1.2337932250083044E-015
   7065.9765569223900     
   7065.9767517179371     
   5.5126603317977430E-014
   5.4918432747082771E-012
   2246.7693370525371     
   2241.9947799167485     
   3.1632621768187022E-010
   1.5159391581242098E-010
   666.15185001423583     
   671.36909249633891     
   8.0999755645264689E-007
   5.7256620270462466E-014
   22316.147793240187     
   22316.147782399352     
   1.3845916327913979E-013
   1.1958295334298438E-015
   7065.9765667851771     
   7065.9767517179380     
   1.9947515065799423E-013
   3.4334207315947784E-012
   2246.7303789763596     
   2241.9947799167312     
   2.0344816834827011E-010
   1.4761944256174740E-009
   666.19816216202264     
   671.36909249577411     
   1.9088370968114975E-006
   5.4670103885193288E-014
   22316.147755083643     
   22316.147782399352     
   1.8949481116509171E-013
   1.0254749850411927E-015
   7065.9765852445435     
   7065.9767517179371     
   2.4927283461910919E-014
   9.1047355418808132E-012
   2246.5542651501810     
   2241.9947799167398     
   3.4537472692985641E-009
   1.9825140961969315E-010
   666.36972855593842     
   671.36909249594873     
   1.5946374556237264E-006
   4.8181392666321989E-014
   22316.147706761170     
   22316.147782399348     
   6.7873016307837734E-013
   6.4887295553175476E-016
   7065.9766152088132     
   7065.9767517179371     
   1.5447470494797398E-013
   7.7287105850455221E-012
   2245.9280802445483     
   2241.9947799167398     
   2.4061193687570948E-009
   3.7459424074476661E-010
   667.05727174135006     
   671.36909249639609     
   4.2393834913040778E-007
   4.6645159703173246E-014
   22316.147716339536     
   22316.147782399345     
   3.4220503295538795E-013
   6.1434428574362137E-016
   7065.9766283595200     
   7065.9767517179380     
   3.4034932773789544E-014
   7.7261775539146297E-012
   2244.6249122397708     
   2241.9947799167303     
   3.4924830681733244E-009
   9.8917927271277826E-010
   668.51296835944584     
   671.36909249598239     
   8.0417226392259817E-007
   5.1753416830744570E-014
   22316.147767363116     
   22316.147782399348     
   1.0085536529871399E-013
   1.0106707179715655E-015
   7065.9766217189363     
   7065.9767517179380     
   6.4326872186957911E-014
   1.2599183042851095E-011
   2243.2834726266374     
   2241.9947799167453     
   3.8421712340857710E-009
   3.2516815729978169E-009
   669.99705443356640     
   671.36909249641985     
   2.9684249876159502E-007
   5.4794977438996556E-014
   22316.147795417728     
   22316.147782399345     
   2.5774610254145711E-013
   1.2632831052825220E-015
   7065.9766275571492     
   7065.9767517179380     
   1.0090902749077703E-013
   5.6333596579604558E-012
   2242.4705271267021     
   2241.9947799167362     
   6.4528051436497953E-010
   2.4746736509233458E-009
   670.89693312012741     
   671.36909249686289     
   1.2323242336685883E-006
   5.5845880692415061E-014
   22316.147801169664     
   22316.147782399348     
   9.5422851355942330E-014
   1.3600086630548913E-015
   7065.9766638374276     
   7065.9767517179380     
   5.5347308474140964E-014
   5.1964200090555486E-012
   2241.8840646981826     
   2241.9947799167294     
   2.8416697959393978E-010
   1.9544102939477996E-009
   671.55961354934391     
   671.36909249504095     
   1.4255805353763744E-006
   5.5937877887544770E-014
   22316.147805630022     
   22316.147782399345     
   2.6297392835387183E-013
   1.3747026404908128E-015
   7065.9767378404258     
   7065.9767517179380     
   3.4240532300720971E-014
   5.8232623783638618E-012
   2241.2548676810011     
   2241.9947799167248     
   2.3170929016215254E-010
   3.0570764703135238E-010
   672.26431142273486     
   671.36909249637347     
   1.6694493720616411E-006
