# ModEM impedance responses for   Description:                                                                                       
#   Period(s) Code GG_Lat GG_Lon X(m) Y(m) Z(m) Component Real Imag Error                              
>  Full_Impedance
>  exp(+i\omega t)
>  [mV/km]/[nT]
>     0.00
>     0.000    0.000
>      1   143
 1.000000E-02             Line_1_1                0.000    0.000      -1876.984      -5876.984          0.000     ZXX   7.076989E-02   3.167877E-03   1.000000E+13
 1.000000E-02             Line_1_1                0.000    0.000      -1876.984      -5876.984          0.000     ZXY   4.896245E+01   5.626426E+01   1.000000E+13
 1.000000E-02             Line_1_1                0.000    0.000      -1876.984      -5876.984          0.000     ZYX  -4.922082E+01  -5.649406E+01   1.000000E+13
 1.000000E-02             Line_1_1                0.000    0.000      -1876.984      -5876.984          0.000     ZYY  -6.647250E-02   1.838106E-03   1.000000E+13
 1.000000E-02             Line_1_2                0.000    0.000      -1876.984      -4876.984          0.000     ZXX   4.770094E-02  -3.586084E-02   1.000000E+13
 1.000000E-02             Line_1_2                0.000    0.000      -1876.984      -4876.984          0.000     ZXY   4.978545E+01   5.739595E+01   1.000000E+13
 1.000000E-02             Line_1_2                0.000    0.000      -1876.984      -4876.984          0.000     ZYX  -4.994648E+01  -5.742972E+01   1.000000E+13
 1.000000E-02             Line_1_2                0.000    0.000      -1876.984      -4876.984          0.000     ZYY  -4.334485E-02   3.830213E-02   1.000000E+13
 1.000000E-02             Line_1_3                0.000    0.000      -1876.984      -3876.984          0.000     ZXX   6.535454E-03  -1.763880E-02   1.000000E+13
 1.000000E-02             Line_1_3                0.000    0.000      -1876.984      -3876.984          0.000     ZXY   5.039349E+01   5.768283E+01   1.000000E+13
 1.000000E-02             Line_1_3                0.000    0.000      -1876.984      -3876.984          0.000     ZYX  -5.041481E+01  -5.764061E+01   1.000000E+13
 1.000000E-02             Line_1_3                0.000    0.000      -1876.984      -3876.984          0.000     ZYY  -4.998164E-03   1.571799E-02   1.000000E+13
 1.000000E-02             Line_1_4                0.000    0.000      -1876.984      -2876.984          0.000     ZXX   5.481830E-04   4.023208E-03   1.000000E+13
 1.000000E-02             Line_1_4                0.000    0.000      -1876.984      -2876.984          0.000     ZXY   5.040613E+01   5.765815E+01   1.000000E+13
 1.000000E-02             Line_1_4                0.000    0.000      -1876.984      -2876.984          0.000     ZYX  -5.040064E+01  -5.765680E+01   1.000000E+13
 1.000000E-02             Line_1_4                0.000    0.000      -1876.984      -2876.984          0.000     ZYY  -7.908694E-04  -4.391129E-03   1.000000E+13
 1.000000E-02             Line_1_5                0.000    0.000      -1876.984      -1876.984          0.000     ZXX  -4.282828E-04   1.480447E-02   1.000000E+13
 1.000000E-02             Line_1_5                0.000    0.000      -1876.984      -1876.984          0.000     ZXY   5.041257E+01   5.764351E+01   1.000000E+13
 1.000000E-02             Line_1_5                0.000    0.000      -1876.984      -1876.984          0.000     ZYX  -5.040827E+01  -5.766168E+01   1.000000E+13
 1.000000E-02             Line_1_5                0.000    0.000      -1876.984      -1876.984          0.000     ZYY   8.742809E-04  -1.429627E-02   1.000000E+13
 1.000000E-02             Line_1_6                0.000    0.000      -1876.984       -876.985          0.000     ZXX  -1.178465E-02   2.596443E-02   1.000000E+13
 1.000000E-02             Line_1_6                0.000    0.000      -1876.984       -876.985          0.000     ZXY   5.043182E+01   5.762727E+01   1.000000E+13
 1.000000E-02             Line_1_6                0.000    0.000      -1876.984       -876.985          0.000     ZYX  -5.041471E+01  -5.768289E+01   1.000000E+13
 1.000000E-02             Line_1_6                0.000    0.000      -1876.984       -876.985          0.000     ZYY   1.215635E-02  -2.521831E-02   1.000000E+13
 1.000000E-02             Line_1_7                0.000    0.000      -1876.984        123.016          0.000     ZXX   6.884948E-03  -9.083716E-03   1.000000E+13
 1.000000E-02             Line_1_7                0.000    0.000      -1876.984        123.016          0.000     ZXY   5.044544E+01   5.761244E+01   1.000000E+13
 1.000000E-02             Line_1_7                0.000    0.000      -1876.984        123.016          0.000     ZYX  -5.031506E+01  -5.772837E+01   1.000000E+13
 1.000000E-02             Line_1_7                0.000    0.000      -1876.984        123.016          0.000     ZYY  -9.039543E-03   8.488053E-03   1.000000E+13
 1.000000E-02             Line_1_8                0.000    0.000      -1876.984       1123.016          0.000     ZXX   5.421283E-03  -2.128540E-02   1.000000E+13
 1.000000E-02             Line_1_8                0.000    0.000      -1876.984       1123.016          0.000     ZXY   5.042960E+01   5.763044E+01   1.000000E+13
 1.000000E-02             Line_1_8                0.000    0.000      -1876.984       1123.016          0.000     ZYX  -5.041664E+01  -5.767563E+01   1.000000E+13
 1.000000E-02             Line_1_8                0.000    0.000      -1876.984       1123.016          0.000     ZYY  -6.534736E-03   2.119987E-02   1.000000E+13
 1.000000E-02             Line_1_9                0.000    0.000      -1876.984       2123.016          0.000     ZXX  -3.411210E-04  -1.193498E-02   1.000000E+13
 1.000000E-02             Line_1_9                0.000    0.000      -1876.984       2123.016          0.000     ZXY   5.041201E+01   5.764779E+01   1.000000E+13
 1.000000E-02             Line_1_9                0.000    0.000      -1876.984       2123.016          0.000     ZYX  -5.040745E+01  -5.766067E+01   1.000000E+13
 1.000000E-02             Line_1_9                0.000    0.000      -1876.984       2123.016          0.000     ZYY   1.981565E-04   1.167935E-02   1.000000E+13
 1.000000E-02             Line_1_10               0.000    0.000      -1876.984       3123.016          0.000     ZXX  -3.373431E-04  -9.931327E-04   1.000000E+13
 1.000000E-02             Line_1_10               0.000    0.000      -1876.984       3123.016          0.000     ZXY   5.040643E+01   5.766043E+01   1.000000E+13
 1.000000E-02             Line_1_10               0.000    0.000      -1876.984       3123.016          0.000     ZYX  -5.040080E+01  -5.765490E+01   1.000000E+13
 1.000000E-02             Line_1_10               0.000    0.000      -1876.984       3123.016          0.000     ZYY   6.179557E-04   1.601108E-03   1.000000E+13
 1.000000E-02             Line_1_11               0.000    0.000      -1876.984       4123.016          0.000     ZXX  -2.468865E-02   3.079638E-02   1.000000E+13
 1.000000E-02             Line_1_11               0.000    0.000      -1876.984       4123.016          0.000     ZXY   5.033718E+01   5.769089E+01   1.000000E+13
 1.000000E-02             Line_1_11               0.000    0.000      -1876.984       4123.016          0.000     ZYX  -5.041234E+01  -5.764102E+01   1.000000E+13
 1.000000E-02             Line_1_11               0.000    0.000      -1876.984       4123.016          0.000     ZYY   1.890596E-02  -2.942122E-02   1.000000E+13
 1.000000E-02             Line_1_12               0.000    0.000      -1876.984       5123.016          0.000     ZXX  -5.020075E-02   2.347688E-02   1.000000E+13
 1.000000E-02             Line_1_12               0.000    0.000      -1876.984       5123.016          0.000     ZXY   4.961480E+01   5.734698E+01   1.000000E+13
 1.000000E-02             Line_1_12               0.000    0.000      -1876.984       5123.016          0.000     ZYX  -4.994918E+01  -5.743078E+01   1.000000E+13
 1.000000E-02             Line_1_12               0.000    0.000      -1876.984       5123.016          0.000     ZYY   3.870182E-02  -2.877795E-02   1.000000E+13
 1.000000E-02             Line_1_13               0.000    0.000      -1876.984       6123.016          0.000     ZXX  -7.762657E-02  -2.660064E-02   1.000000E+13
 1.000000E-02             Line_1_13               0.000    0.000      -1876.984       6123.016          0.000     ZXY   4.874984E+01   5.602712E+01   1.000000E+13
 1.000000E-02             Line_1_13               0.000    0.000      -1876.984       6123.016          0.000     ZYX  -4.924518E+01  -5.650789E+01   1.000000E+13
 1.000000E-02             Line_1_13               0.000    0.000      -1876.984       6123.016          0.000     ZYY   6.373463E-02   9.337601E-03   1.000000E+13
 1.000000E-02             Line_1_16               0.000    0.000       -876.985      -3876.984          0.000     ZXX  -1.372277E-03   2.359803E-03   1.000000E+13
 1.000000E-02             Line_1_16               0.000    0.000       -876.985      -3876.984          0.000     ZXY   5.039846E+01   5.769012E+01   1.000000E+13
 1.000000E-02             Line_1_16               0.000    0.000       -876.985      -3876.984          0.000     ZYX  -5.042440E+01  -5.762397E+01   1.000000E+13
 1.000000E-02             Line_1_16               0.000    0.000       -876.985      -3876.984          0.000     ZYY   1.776597E-03  -4.077238E-03   1.000000E+13
 1.000000E-02             Line_1_17               0.000    0.000       -876.985      -2876.984          0.000     ZXX  -1.084553E-02   2.553159E-02   1.000000E+13
 1.000000E-02             Line_1_17               0.000    0.000       -876.985      -2876.984          0.000     ZXY   5.042462E+01   5.765885E+01   1.000000E+13
 1.000000E-02             Line_1_17               0.000    0.000       -876.985      -2876.984          0.000     ZYX  -5.040342E+01  -5.765440E+01   1.000000E+13
 1.000000E-02             Line_1_17               0.000    0.000       -876.985      -2876.984          0.000     ZYY   1.219349E-02  -2.778158E-02   1.000000E+13
 1.000000E-02             Line_1_18               0.000    0.000       -876.985      -1876.984          0.000     ZXX  -4.386750E-02   4.365698E-02   1.000000E+13
 1.000000E-02             Line_1_18               0.000    0.000       -876.985      -1876.984          0.000     ZXY   5.037489E+01   5.767376E+01   1.000000E+13
 1.000000E-02             Line_1_18               0.000    0.000       -876.985      -1876.984          0.000     ZYX  -5.033187E+01  -5.769619E+01   1.000000E+13
 1.000000E-02             Line_1_18               0.000    0.000       -876.985      -1876.984          0.000     ZYY   4.157303E-02  -4.684383E-02   1.000000E+13
 1.000000E-02             Line_1_19               0.000    0.000       -876.985       -876.985          0.000     ZXX  -7.225931E-02   4.243324E-03   1.000000E+13
 1.000000E-02             Line_1_19               0.000    0.000       -876.985       -876.985          0.000     ZXY   4.970390E+01   5.735352E+01   1.000000E+13
 1.000000E-02             Line_1_19               0.000    0.000       -876.985       -876.985          0.000     ZYX  -4.977294E+01  -5.745535E+01   1.000000E+13
 1.000000E-02             Line_1_19               0.000    0.000       -876.985       -876.985          0.000     ZYY   6.772574E-02  -1.442764E-02   1.000000E+13
 1.000000E-02             Line_1_20               0.000    0.000       -876.985        123.016          0.000     ZXX   2.802059E-02   1.297229E-02   1.000000E+13
 1.000000E-02             Line_1_20               0.000    0.000       -876.985        123.016          0.000     ZXY   4.922572E+01   5.632925E+01   1.000000E+13
 1.000000E-02             Line_1_20               0.000    0.000       -876.985        123.016          0.000     ZYX  -4.883618E+01  -5.632483E+01   1.000000E+13
 1.000000E-02             Line_1_20               0.000    0.000       -876.985        123.016          0.000     ZYY  -3.003000E-02  -2.197502E-02   1.000000E+13
 1.000000E-02             Line_1_21               0.000    0.000       -876.985       1123.016          0.000     ZXX   6.961212E-02  -2.612360E-02   1.000000E+13
 1.000000E-02             Line_1_21               0.000    0.000       -876.985       1123.016          0.000     ZXY   4.986706E+01   5.739931E+01   1.000000E+13
 1.000000E-02             Line_1_21               0.000    0.000       -876.985       1123.016          0.000     ZYX  -4.978754E+01  -5.744652E+01   1.000000E+13
 1.000000E-02             Line_1_21               0.000    0.000       -876.985       1123.016          0.000     ZYY  -7.515387E-02   2.889689E-02   1.000000E+13
 1.000000E-02             Line_1_22               0.000    0.000       -876.985       2123.016          0.000     ZXX   2.402370E-02  -3.928551E-02   1.000000E+13
 1.000000E-02             Line_1_22               0.000    0.000       -876.985       2123.016          0.000     ZXY   5.042821E+01   5.766566E+01   1.000000E+13
 1.000000E-02             Line_1_22               0.000    0.000       -876.985       2123.016          0.000     ZYX  -5.033542E+01  -5.768876E+01   1.000000E+13
 1.000000E-02             Line_1_22               0.000    0.000       -876.985       2123.016          0.000     ZYY  -2.878460E-02   4.273975E-02   1.000000E+13
 1.000000E-02             Line_1_23               0.000    0.000       -876.985       3123.016          0.000     ZXX   4.721028E-03  -1.680390E-02   1.000000E+13
 1.000000E-02             Line_1_23               0.000    0.000       -876.985       3123.016          0.000     ZXY   5.042158E+01   5.765919E+01   1.000000E+13
 1.000000E-02             Line_1_23               0.000    0.000       -876.985       3123.016          0.000     ZYX  -5.040293E+01  -5.764741E+01   1.000000E+13
 1.000000E-02             Line_1_23               0.000    0.000       -876.985       3123.016          0.000     ZYY  -5.888685E-03   1.891268E-02   1.000000E+13
 1.000000E-02             Line_1_24               0.000    0.000       -876.985       4123.016          0.000     ZXX   6.432819E-04   1.928384E-03   1.000000E+13
 1.000000E-02             Line_1_24               0.000    0.000       -876.985       4123.016          0.000     ZXY   5.033067E+01   5.770461E+01   1.000000E+13
 1.000000E-02             Line_1_24               0.000    0.000       -876.985       4123.016          0.000     ZYX  -5.042075E+01  -5.762690E+01   1.000000E+13
 1.000000E-02             Line_1_24               0.000    0.000       -876.985       4123.016          0.000     ZYY  -9.966682E-04  -8.169060E-06   1.000000E+13
 1.000000E-02             Line_1_25               0.000    0.000       -876.985       5123.016          0.000     ZXX  -5.207199E-03   1.092141E-02   1.000000E+13
 1.000000E-02             Line_1_25               0.000    0.000       -876.985       5123.016          0.000     ZXY   4.952785E+01   5.733146E+01   1.000000E+13
 1.000000E-02             Line_1_25               0.000    0.000       -876.985       5123.016          0.000     ZYX  -4.969118E+01  -5.734178E+01   1.000000E+13
 1.000000E-02             Line_1_25               0.000    0.000       -876.985       5123.016          0.000     ZYY   2.765408E-03  -8.062220E-03   1.000000E+13
 1.000000E-02             Line_1_26               0.000    0.000       -876.985       6123.016          0.000     ZXX  -1.560606E-02   9.035316E-03   1.000000E+13
 1.000000E-02             Line_1_26               0.000    0.000       -876.985       6123.016          0.000     ZXY   4.869863E+01   5.593742E+01   1.000000E+13
 1.000000E-02             Line_1_26               0.000    0.000       -876.985       6123.016          0.000     ZYX  -4.893371E+01  -5.613018E+01   1.000000E+13
 1.000000E-02             Line_1_26               0.000    0.000       -876.985       6123.016          0.000     ZYY   8.993363E-03  -6.113474E-03   1.000000E+13
 1.000000E-02             Line_1_29               0.000    0.000        123.016      -3876.984          0.000     ZXX  -1.230465E-02   7.026741E-03   1.000000E+13
 1.000000E-02             Line_1_29               0.000    0.000        123.016      -3876.984          0.000     ZXY   5.032308E+01   5.772023E+01   1.000000E+13
 1.000000E-02             Line_1_29               0.000    0.000        123.016      -3876.984          0.000     ZYX  -5.042814E+01  -5.760876E+01   1.000000E+13
 1.000000E-02             Line_1_29               0.000    0.000        123.016      -3876.984          0.000     ZYY   1.092052E-02  -8.536695E-03   1.000000E+13
 1.000000E-02             Line_1_30               0.000    0.000        123.016      -2876.984          0.000     ZXX  -1.640230E-02   1.072833E-03   1.000000E+13
 1.000000E-02             Line_1_30               0.000    0.000        123.016      -2876.984          0.000     ZXY   4.956655E+01   5.736915E+01   1.000000E+13
 1.000000E-02             Line_1_30               0.000    0.000        123.016      -2876.984          0.000     ZYX  -5.003922E+01  -5.740150E+01   1.000000E+13
 1.000000E-02             Line_1_30               0.000    0.000        123.016      -2876.984          0.000     ZYY   1.793457E-02  -6.030632E-03   1.000000E+13
 1.000000E-02             Line_1_31               0.000    0.000        123.016      -1876.984          0.000     ZXX  -1.887758E-02  -1.883729E-02   1.000000E+13
 1.000000E-02             Line_1_31               0.000    0.000        123.016      -1876.984          0.000     ZXY   4.860609E+01   5.602414E+01   1.000000E+13
 1.000000E-02             Line_1_31               0.000    0.000        123.016      -1876.984          0.000     ZYX  -4.939263E+01  -5.656629E+01   1.000000E+13
 1.000000E-02             Line_1_31               0.000    0.000        123.016      -1876.984          0.000     ZYY   2.601195E-02   1.183566E-02   1.000000E+13
 1.000000E-02             Line_1_32               0.000    0.000        123.016       -876.985          0.000     ZXX  -4.507566E-03  -4.602965E-02   1.000000E+13
 1.000000E-02             Line_1_32               0.000    0.000        123.016       -876.985          0.000     ZXY   4.856492E+01   5.293643E+01   1.000000E+13
 1.000000E-02             Line_1_32               0.000    0.000        123.016       -876.985          0.000     ZYX  -4.922090E+01  -5.459490E+01   1.000000E+13
 1.000000E-02             Line_1_32               0.000    0.000        123.016       -876.985          0.000     ZYY   2.240042E-02   4.410897E-02   1.000000E+13
 1.000000E-02             Line_1_33               0.000    0.000        123.016        123.016          0.000     ZXX  -7.544346E-03   2.522689E-02   1.000000E+13
 1.000000E-02             Line_1_33               0.000    0.000        123.016        123.016          0.000     ZXY   5.146404E+01   4.935785E+01   1.000000E+13
 1.000000E-02             Line_1_33               0.000    0.000        123.016        123.016          0.000     ZYX  -5.090854E+01  -5.087441E+01   1.000000E+13
 1.000000E-02             Line_1_33               0.000    0.000        123.016        123.016          0.000     ZYY   7.493735E-03  -4.104639E-02   1.000000E+13
 1.000000E-02             Line_1_34               0.000    0.000        123.016       1123.016          0.000     ZXX   1.407186E-02   3.133628E-02   1.000000E+13
 1.000000E-02             Line_1_34               0.000    0.000        123.016       1123.016          0.000     ZXY   4.868628E+01   5.352665E+01   1.000000E+13
 1.000000E-02             Line_1_34               0.000    0.000        123.016       1123.016          0.000     ZYX  -4.920047E+01  -5.454032E+01   1.000000E+13
 1.000000E-02             Line_1_34               0.000    0.000        123.016       1123.016          0.000     ZYY  -2.715031E-02  -3.774024E-02   1.000000E+13
 1.000000E-02             Line_1_35               0.000    0.000        123.016       2123.016          0.000     ZXX   1.915648E-02   7.521566E-03   1.000000E+13
 1.000000E-02             Line_1_35               0.000    0.000        123.016       2123.016          0.000     ZXY   4.885153E+01   5.626603E+01   1.000000E+13
 1.000000E-02             Line_1_35               0.000    0.000        123.016       2123.016          0.000     ZYX  -4.937256E+01  -5.655336E+01   1.000000E+13
 1.000000E-02             Line_1_35               0.000    0.000        123.016       2123.016          0.000     ZYY  -2.656005E-02  -6.124313E-03   1.000000E+13
 1.000000E-02             Line_1_36               0.000    0.000        123.016       3123.016          0.000     ZXX   1.744277E-02  -6.599218E-03   1.000000E+13
 1.000000E-02             Line_1_36               0.000    0.000        123.016       3123.016          0.000     ZXY   4.975170E+01   5.741400E+01   1.000000E+13
 1.000000E-02             Line_1_36               0.000    0.000        123.016       3123.016          0.000     ZYX  -5.003925E+01  -5.740115E+01   1.000000E+13
 1.000000E-02             Line_1_36               0.000    0.000        123.016       3123.016          0.000     ZYY  -2.015475E-02   9.681985E-03   1.000000E+13
 1.000000E-02             Line_1_37               0.000    0.000        123.016       4123.016          0.000     ZXX   3.027987E-03  -3.409794E-03   1.000000E+13
 1.000000E-02             Line_1_37               0.000    0.000        123.016       4123.016          0.000     ZXY   5.031679E+01   5.772279E+01   1.000000E+13
 1.000000E-02             Line_1_37               0.000    0.000        123.016       4123.016          0.000     ZYX  -5.042725E+01  -5.761539E+01   1.000000E+13
 1.000000E-02             Line_1_37               0.000    0.000        123.016       4123.016          0.000     ZYY  -2.774280E-03   3.853760E-03   1.000000E+13
 1.000000E-02             Line_1_38               0.000    0.000        123.016       5123.016          0.000     ZXX   1.217739E-05   7.112089E-04   1.000000E+13
 1.000000E-02             Line_1_38               0.000    0.000        123.016       5123.016          0.000     ZXY   4.954426E+01   5.731932E+01   1.000000E+13
 1.000000E-02             Line_1_38               0.000    0.000        123.016       5123.016          0.000     ZYX  -4.969312E+01  -5.734319E+01   1.000000E+13
 1.000000E-02             Line_1_38               0.000    0.000        123.016       5123.016          0.000     ZYY  -1.646257E-04  -4.091206E-04   1.000000E+13
 1.000000E-02             Line_1_39               0.000    0.000        123.016       6123.016          0.000     ZXX  -7.421193E-04   1.235387E-03   1.000000E+13
 1.000000E-02             Line_1_39               0.000    0.000        123.016       6123.016          0.000     ZXY   4.874220E+01   5.592854E+01   1.000000E+13
 1.000000E-02             Line_1_39               0.000    0.000        123.016       6123.016          0.000     ZYX  -4.893424E+01  -5.613769E+01   1.000000E+13
 1.000000E-02             Line_1_39               0.000    0.000        123.016       6123.016          0.000     ZYY   3.043972E-04  -7.386169E-04   1.000000E+13
 1.000000E-02             Line_1_42               0.000    0.000       1123.016      -3876.984          0.000     ZXX   3.347368E-03  -7.156752E-03   1.000000E+13
 1.000000E-02             Line_1_42               0.000    0.000       1123.016      -3876.984          0.000     ZXY   5.040075E+01   5.769163E+01   1.000000E+13
 1.000000E-02             Line_1_42               0.000    0.000       1123.016      -3876.984          0.000     ZYX  -5.042532E+01  -5.762178E+01   1.000000E+13
 1.000000E-02             Line_1_42               0.000    0.000       1123.016      -3876.984          0.000     ZYY  -3.924536E-03   8.979413E-03   1.000000E+13
 1.000000E-02             Line_1_43               0.000    0.000       1123.016      -2876.984          0.000     ZXX   2.621140E-02  -3.392964E-02   1.000000E+13
 1.000000E-02             Line_1_43               0.000    0.000       1123.016      -2876.984          0.000     ZXY   5.041407E+01   5.767727E+01   1.000000E+13
 1.000000E-02             Line_1_43               0.000    0.000       1123.016      -2876.984          0.000     ZYX  -5.039015E+01  -5.766231E+01   1.000000E+13
 1.000000E-02             Line_1_43               0.000    0.000       1123.016      -2876.984          0.000     ZYY  -2.619595E-02   3.680630E-02   1.000000E+13
 1.000000E-02             Line_1_44               0.000    0.000       1123.016      -1876.984          0.000     ZXX   4.980821E-02  -3.251955E-02   1.000000E+13
 1.000000E-02             Line_1_44               0.000    0.000       1123.016      -1876.984          0.000     ZXY   5.021674E+01   5.768006E+01   1.000000E+13
 1.000000E-02             Line_1_44               0.000    0.000       1123.016      -1876.984          0.000     ZYX  -5.013518E+01  -5.762234E+01   1.000000E+13
 1.000000E-02             Line_1_44               0.000    0.000       1123.016      -1876.984          0.000     ZYY  -5.341087E-02   3.629325E-02   1.000000E+13
 1.000000E-02             Line_1_45               0.000    0.000       1123.016       -876.985          0.000     ZXX   7.434827E-02   1.773298E-02   1.000000E+13
 1.000000E-02             Line_1_45               0.000    0.000       1123.016       -876.985          0.000     ZXY   4.939883E+01   5.720225E+01   1.000000E+13
 1.000000E-02             Line_1_45               0.000    0.000       1123.016       -876.985          0.000     ZYX  -4.937433E+01  -5.703949E+01   1.000000E+13
 1.000000E-02             Line_1_45               0.000    0.000       1123.016       -876.985          0.000     ZYY  -7.737693E-02  -1.539150E-02   1.000000E+13
 1.000000E-02             Line_1_46               0.000    0.000       1123.016        123.016          0.000     ZXX  -2.723385E-02  -2.277587E-02   1.000000E+13
 1.000000E-02             Line_1_46               0.000    0.000       1123.016        123.016          0.000     ZXY   4.902684E+01   5.598098E+01   1.000000E+13
 1.000000E-02             Line_1_46               0.000    0.000       1123.016        123.016          0.000     ZYX  -4.860699E+01  -5.522375E+01   1.000000E+13
 1.000000E-02             Line_1_46               0.000    0.000       1123.016        123.016          0.000     ZYY   2.582469E-02   4.180581E-02   1.000000E+13
 1.000000E-02             Line_1_47               0.000    0.000       1123.016       1123.016          0.000     ZXX  -6.941379E-02   7.191377E-03   1.000000E+13
 1.000000E-02             Line_1_47               0.000    0.000       1123.016       1123.016          0.000     ZXY   4.959687E+01   5.728257E+01   1.000000E+13
 1.000000E-02             Line_1_47               0.000    0.000       1123.016       1123.016          0.000     ZYX  -4.938530E+01  -5.702978E+01   1.000000E+13
 1.000000E-02             Line_1_47               0.000    0.000       1123.016       1123.016          0.000     ZYY   8.439881E-02   1.448338E-03   1.000000E+13
 1.000000E-02             Line_1_48               0.000    0.000       1123.016       2123.016          0.000     ZXX  -4.039020E-02   3.986609E-02   1.000000E+13
 1.000000E-02             Line_1_48               0.000    0.000       1123.016       2123.016          0.000     ZXY   5.030775E+01   5.766971E+01   1.000000E+13
 1.000000E-02             Line_1_48               0.000    0.000       1123.016       2123.016          0.000     ZYX  -5.013798E+01  -5.761702E+01   1.000000E+13
 1.000000E-02             Line_1_48               0.000    0.000       1123.016       2123.016          0.000     ZYY   5.200398E-02  -4.283967E-02   1.000000E+13
 1.000000E-02             Line_1_49               0.000    0.000       1123.016       3123.016          0.000     ZXX  -1.046641E-02   2.336297E-02   1.000000E+13
 1.000000E-02             Line_1_49               0.000    0.000       1123.016       3123.016          0.000     ZXY   5.042386E+01   5.766965E+01   1.000000E+13
 1.000000E-02             Line_1_49               0.000    0.000       1123.016       3123.016          0.000     ZYX  -5.039132E+01  -5.765466E+01   1.000000E+13
 1.000000E-02             Line_1_49               0.000    0.000       1123.016       3123.016          0.000     ZYY   1.230112E-02  -2.602708E-02   1.000000E+13
 1.000000E-02             Line_1_50               0.000    0.000       1123.016       4123.016          0.000     ZXX  -1.905333E-03   2.260197E-03   1.000000E+13
 1.000000E-02             Line_1_50               0.000    0.000       1123.016       4123.016          0.000     ZXY   5.033287E+01   5.770451E+01   1.000000E+13
 1.000000E-02             Line_1_50               0.000    0.000       1123.016       4123.016          0.000     ZYX  -5.042205E+01  -5.762455E+01   1.000000E+13
 1.000000E-02             Line_1_50               0.000    0.000       1123.016       4123.016          0.000     ZYY   2.055186E-03  -3.586432E-03   1.000000E+13
 1.000000E-02             Line_1_51               0.000    0.000       1123.016       5123.016          0.000     ZXX   2.375684E-03  -7.509211E-03   1.000000E+13
 1.000000E-02             Line_1_51               0.000    0.000       1123.016       5123.016          0.000     ZXY   4.953574E+01   5.732691E+01   1.000000E+13
 1.000000E-02             Line_1_51               0.000    0.000       1123.016       5123.016          0.000     ZYX  -4.969159E+01  -5.734356E+01   1.000000E+13
 1.000000E-02             Line_1_51               0.000    0.000       1123.016       5123.016          0.000     ZYY  -9.077304E-04   5.162888E-03   1.000000E+13
 1.000000E-02             Line_1_52               0.000    0.000       1123.016       6123.016          0.000     ZXX   9.141904E-03  -7.722374E-03   1.000000E+13
 1.000000E-02             Line_1_52               0.000    0.000       1123.016       6123.016          0.000     ZXY   4.871811E+01   5.593611E+01   1.000000E+13
 1.000000E-02             Line_1_52               0.000    0.000       1123.016       6123.016          0.000     ZYX  -4.893268E+01  -5.613493E+01   1.000000E+13
 1.000000E-02             Line_1_52               0.000    0.000       1123.016       6123.016          0.000     ZYY  -5.300031E-03   5.048540E-03   1.000000E+13
 1.000000E-02             Line_1_53               0.000    0.000       2123.016      -5876.984          0.000     ZXX  -5.247085E-02   4.420065E-03   1.000000E+13
 1.000000E-02             Line_1_53               0.000    0.000       2123.016      -5876.984          0.000     ZXY   4.884002E+01   5.616361E+01   1.000000E+13
 1.000000E-02             Line_1_53               0.000    0.000       2123.016      -5876.984          0.000     ZYX  -4.905804E+01  -5.616492E+01   1.000000E+13
 1.000000E-02             Line_1_53               0.000    0.000       2123.016      -5876.984          0.000     ZYY   4.269053E-02  -6.436124E-03   1.000000E+13
 1.000000E-02             Line_1_54               0.000    0.000       2123.016      -4876.984          0.000     ZXX  -3.095528E-02   2.905584E-02   1.000000E+13
 1.000000E-02             Line_1_54               0.000    0.000       2123.016      -4876.984          0.000     ZXY   4.968505E+01   5.738321E+01   1.000000E+13
 1.000000E-02             Line_1_54               0.000    0.000       2123.016      -4876.984          0.000     ZYX  -4.978133E+01  -5.732473E+01   1.000000E+13
 1.000000E-02             Line_1_54               0.000    0.000       2123.016      -4876.984          0.000     ZYY   2.598923E-02  -2.838435E-02   1.000000E+13
 1.000000E-02             Line_1_55               0.000    0.000       2123.016      -3876.984          0.000     ZXX  -3.865617E-03   1.280698E-02   1.000000E+13
 1.000000E-02             Line_1_55               0.000    0.000       2123.016      -3876.984          0.000     ZXY   5.039122E+01   5.768946E+01   1.000000E+13
 1.000000E-02             Line_1_55               0.000    0.000       2123.016      -3876.984          0.000     ZYX  -5.041828E+01  -5.763444E+01   1.000000E+13
 1.000000E-02             Line_1_55               0.000    0.000       2123.016      -3876.984          0.000     ZYY   2.554128E-03  -1.052827E-02   1.000000E+13
 1.000000E-02             Line_1_56               0.000    0.000       2123.016      -2876.984          0.000     ZXX  -4.968726E-04  -7.101395E-03   1.000000E+13
 1.000000E-02             Line_1_56               0.000    0.000       2123.016      -2876.984          0.000     ZXY   5.040861E+01   5.765569E+01   1.000000E+13
 1.000000E-02             Line_1_56               0.000    0.000       2123.016      -2876.984          0.000     ZYX  -5.040014E+01  -5.765385E+01   1.000000E+13
 1.000000E-02             Line_1_56               0.000    0.000       2123.016      -2876.984          0.000     ZYY   1.118619E-04   7.631421E-03   1.000000E+13
 1.000000E-02             Line_1_57               0.000    0.000       2123.016      -1876.984          0.000     ZXX   3.715572E-03  -2.138497E-02   1.000000E+13
 1.000000E-02             Line_1_57               0.000    0.000       2123.016      -1876.984          0.000     ZXY   5.042098E+01   5.763854E+01   1.000000E+13
 1.000000E-02             Line_1_57               0.000    0.000       2123.016      -1876.984          0.000     ZYX  -5.041103E+01  -5.766306E+01   1.000000E+13
 1.000000E-02             Line_1_57               0.000    0.000       2123.016      -1876.984          0.000     ZYY  -4.750559E-03   2.163622E-02   1.000000E+13
 1.000000E-02             Line_1_58               0.000    0.000       2123.016       -876.985          0.000     ZXX   2.908447E-02  -3.739737E-02   1.000000E+13
 1.000000E-02             Line_1_58               0.000    0.000       2123.016       -876.985          0.000     ZXY   5.043531E+01   5.763198E+01   1.000000E+13
 1.000000E-02             Line_1_58               0.000    0.000       2123.016       -876.985          0.000     ZYX  -5.040162E+01  -5.770247E+01   1.000000E+13
 1.000000E-02             Line_1_58               0.000    0.000       2123.016       -876.985          0.000     ZYY  -2.768808E-02   3.633370E-02   1.000000E+13
 1.000000E-02             Line_1_59               0.000    0.000       2123.016        123.016          0.000     ZXX  -1.767338E-02   1.286089E-02   1.000000E+13
 1.000000E-02             Line_1_59               0.000    0.000       2123.016        123.016          0.000     ZXY   5.036553E+01   5.758590E+01   1.000000E+13
 1.000000E-02             Line_1_59               0.000    0.000       2123.016        123.016          0.000     ZYX  -5.009375E+01  -5.767575E+01   1.000000E+13
 1.000000E-02             Line_1_59               0.000    0.000       2123.016        123.016          0.000     ZYY   2.196983E-02  -1.014721E-02   1.000000E+13
 1.000000E-02             Line_1_60               0.000    0.000       2123.016       1123.016          0.000     ZXX  -1.341632E-02   3.062701E-02   1.000000E+13
 1.000000E-02             Line_1_60               0.000    0.000       2123.016       1123.016          0.000     ZXY   5.044347E+01   5.762951E+01   1.000000E+13
 1.000000E-02             Line_1_60               0.000    0.000       2123.016       1123.016          0.000     ZYX  -5.040632E+01  -5.769211E+01   1.000000E+13
 1.000000E-02             Line_1_60               0.000    0.000       2123.016       1123.016          0.000     ZYY   1.521300E-02  -3.103569E-02   1.000000E+13
 1.000000E-02             Line_1_61               0.000    0.000       2123.016       2123.016          0.000     ZXX  -1.671307E-03   1.703078E-02   1.000000E+13
 1.000000E-02             Line_1_61               0.000    0.000       2123.016       2123.016          0.000     ZXY   5.041838E+01   5.764310E+01   1.000000E+13
 1.000000E-02             Line_1_61               0.000    0.000       2123.016       2123.016          0.000     ZYX  -5.040960E+01  -5.766008E+01   1.000000E+13
 1.000000E-02             Line_1_61               0.000    0.000       2123.016       2123.016          0.000     ZYY   2.126952E-03  -1.720444E-02   1.000000E+13
 1.000000E-02             Line_1_62               0.000    0.000       2123.016       3123.016          0.000     ZXX   1.906351E-04   3.340087E-03   1.000000E+13
 1.000000E-02             Line_1_62               0.000    0.000       2123.016       3123.016          0.000     ZXY   5.040823E+01   5.765890E+01   1.000000E+13
 1.000000E-02             Line_1_62               0.000    0.000       2123.016       3123.016          0.000     ZYX  -5.040071E+01  -5.765128E+01   1.000000E+13
 1.000000E-02             Line_1_62               0.000    0.000       2123.016       3123.016          0.000     ZYY  -2.210982E-04  -4.349774E-03   1.000000E+13
 1.000000E-02             Line_1_63               0.000    0.000       2123.016       4123.016          0.000     ZXX   1.316614E-02  -2.288202E-02   1.000000E+13
 1.000000E-02             Line_1_63               0.000    0.000       2123.016       4123.016          0.000     ZXY   5.032291E+01   5.770304E+01   1.000000E+13
 1.000000E-02             Line_1_63               0.000    0.000       2123.016       4123.016          0.000     ZYX  -5.041549E+01  -5.763419E+01   1.000000E+13
 1.000000E-02             Line_1_63               0.000    0.000       2123.016       4123.016          0.000     ZYY  -8.427746E-03   2.007014E-02   1.000000E+13
 1.000000E-02             Line_1_64               0.000    0.000       2123.016       5123.016          0.000     ZXX   3.502795E-02  -2.264863E-02   1.000000E+13
 1.000000E-02             Line_1_64               0.000    0.000       2123.016       5123.016          0.000     ZXY   4.949340E+01   5.732951E+01   1.000000E+13
 1.000000E-02             Line_1_64               0.000    0.000       2123.016       5123.016          0.000     ZYX  -4.978828E+01  -5.732852E+01   1.000000E+13
 1.000000E-02             Line_1_64               0.000    0.000       2123.016       5123.016          0.000     ZYY  -2.364399E-02   2.284521E-02   1.000000E+13
 1.000000E-02             Line_1_65               0.000    0.000       2123.016       6123.016          0.000     ZXX   5.915277E-02   8.075717E-03   1.000000E+13
 1.000000E-02             Line_1_65               0.000    0.000       2123.016       6123.016          0.000     ZXY   4.861814E+01   5.590180E+01   1.000000E+13
 1.000000E-02             Line_1_65               0.000    0.000       2123.016       6123.016          0.000     ZYX  -4.908835E+01  -5.619034E+01   1.000000E+13
 1.000000E-02             Line_1_65               0.000    0.000       2123.016       6123.016          0.000     ZYY  -4.082644E-02   7.818827E-04   1.000000E+13
 1.000000E-02             Line_1_14               0.000    0.000       -876.985      -5876.984          0.000     ZXX   1.317912E-02  -1.025623E-02   1.000000E+13
 1.000000E-02             Line_1_14               0.000    0.000       -876.985      -5876.984          0.000     ZXY   4.891411E+01   5.619000E+01   1.000000E+13
 1.000000E-02             Line_1_14               0.000    0.000       -876.985      -5876.984          0.000     ZYX  -4.890362E+01  -5.609799E+01   1.000000E+13
 1.000000E-02             Line_1_14               0.000    0.000       -876.985      -5876.984          0.000     ZYY  -9.234374E-03   7.564549E-03   1.000000E+13
 1.000000E-02             Line_1_15               0.000    0.000       -876.985      -4876.984          0.000     ZXX   3.650615E-03  -9.683777E-03   1.000000E+13
 1.000000E-02             Line_1_15               0.000    0.000       -876.985      -4876.984          0.000     ZXY   4.971295E+01   5.738275E+01   1.000000E+13
 1.000000E-02             Line_1_15               0.000    0.000       -876.985      -4876.984          0.000     ZYX  -4.968422E+01  -5.733156E+01   1.000000E+13
 1.000000E-02             Line_1_15               0.000    0.000       -876.985      -4876.984          0.000     ZYY  -2.538271E-03   7.942854E-03   1.000000E+13
 1.000000E-02             Line_1_27               0.000    0.000        123.016      -5876.984          0.000     ZXX   6.056481E-04  -1.107690E-03   1.000000E+13
 1.000000E-02             Line_1_27               0.000    0.000        123.016      -5876.984          0.000     ZXY   4.895151E+01   5.617843E+01   1.000000E+13
 1.000000E-02             Line_1_27               0.000    0.000        123.016      -5876.984          0.000     ZYX  -4.890434E+01  -5.610463E+01   1.000000E+13
 1.000000E-02             Line_1_27               0.000    0.000        123.016      -5876.984          0.000     ZYY  -2.645100E-04   8.334152E-04   1.000000E+13
 1.000000E-02             Line_1_28               0.000    0.000        123.016      -4876.984          0.000     ZXX  -1.189032E-04  -5.117905E-04   1.000000E+13
 1.000000E-02             Line_1_28               0.000    0.000        123.016      -4876.984          0.000     ZXY   4.972508E+01   5.737336E+01   1.000000E+13
 1.000000E-02             Line_1_28               0.000    0.000        123.016      -4876.984          0.000     ZYX  -4.968648E+01  -5.733098E+01   1.000000E+13
 1.000000E-02             Line_1_28               0.000    0.000        123.016      -4876.984          0.000     ZYY   2.715129E-04   2.314078E-04   1.000000E+13
 1.000000E-02             Line_1_40               0.000    0.000       1123.016      -5876.984          0.000     ZXX  -7.474761E-03   7.962347E-03   1.000000E+13
 1.000000E-02             Line_1_40               0.000    0.000       1123.016      -5876.984          0.000     ZXY   4.893111E+01   5.618719E+01   1.000000E+13
 1.000000E-02             Line_1_40               0.000    0.000       1123.016      -5876.984          0.000     ZYX  -4.890261E+01  -5.610235E+01   1.000000E+13
 1.000000E-02             Line_1_40               0.000    0.000       1123.016      -5876.984          0.000     ZYY   5.326916E-03  -5.913660E-03   1.000000E+13
 1.000000E-02             Line_1_41               0.000    0.000       1123.016      -4876.984          0.000     ZXX  -1.432100E-03   6.152479E-03   1.000000E+13
 1.000000E-02             Line_1_41               0.000    0.000       1123.016      -4876.984          0.000     ZXY   4.971894E+01   5.737896E+01   1.000000E+13
 1.000000E-02             Line_1_41               0.000    0.000       1123.016      -4876.984          0.000     ZYX  -4.968474E+01  -5.733242E+01   1.000000E+13
 1.000000E-02             Line_1_41               0.000    0.000       1123.016      -4876.984          0.000     ZYY   6.071920E-04  -4.602675E-03   1.000000E+13
 1.000000E-02             Line_1_66               0.000    0.000      -7751.984      -9751.985          0.000     ZXX  -7.169108E-05  -1.001008E-04   1.000000E+13
 1.000000E-02             Line_1_66               0.000    0.000      -7751.984      -9751.985          0.000     ZXY   5.040635E+01   5.766698E+01   1.000000E+13
 1.000000E-02             Line_1_66               0.000    0.000      -7751.984      -9751.985          0.000     ZYX  -5.040645E+01  -5.766670E+01   1.000000E+13
 1.000000E-02             Line_1_66               0.000    0.000      -7751.984      -9751.985          0.000     ZYY  -9.930861E-06  -4.013636E-07   1.000000E+13
 1.000000E-02             Line_1_67               0.000    0.000      -7751.984      -7751.984          0.000     ZXX  -8.690439E-05  -4.694335E-05   1.000000E+13
 1.000000E-02             Line_1_67               0.000    0.000      -7751.984      -7751.984          0.000     ZXY   5.040642E+01   5.766690E+01   1.000000E+13
 1.000000E-02             Line_1_67               0.000    0.000      -7751.984      -7751.984          0.000     ZYX  -5.040644E+01  -5.766666E+01   1.000000E+13
 1.000000E-02             Line_1_67               0.000    0.000      -7751.984      -7751.984          0.000     ZYY  -2.094687E-06  -3.676679E-05   1.000000E+13
 1.000000E-02             Line_1_68               0.000    0.000      -7751.984      -5876.984          0.000     ZXX  -1.320297E-04   6.433875E-05   1.000000E+13
 1.000000E-02             Line_1_68               0.000    0.000      -7751.984      -5876.984          0.000     ZXY   5.040647E+01   5.766678E+01   1.000000E+13
 1.000000E-02             Line_1_68               0.000    0.000      -7751.984      -5876.984          0.000     ZYX  -5.040637E+01  -5.766669E+01   1.000000E+13
 1.000000E-02             Line_1_68               0.000    0.000      -7751.984      -5876.984          0.000     ZYY  -3.262768E-05  -4.910225E-05   1.000000E+13
 1.000000E-02             Line_1_69               0.000    0.000      -7751.984      -3876.984          0.000     ZXX   1.392248E-05   7.006571E-05   1.000000E+13
 1.000000E-02             Line_1_69               0.000    0.000      -7751.984      -3876.984          0.000     ZXY   5.040639E+01   5.766663E+01   1.000000E+13
 1.000000E-02             Line_1_69               0.000    0.000      -7751.984      -3876.984          0.000     ZYX  -5.040637E+01  -5.766665E+01   1.000000E+13
 1.000000E-02             Line_1_69               0.000    0.000      -7751.984      -3876.984          0.000     ZYY   3.346208E-06   7.672446E-06   1.000000E+13
 1.000000E-02             Line_1_70               0.000    0.000      -7751.984      -1876.984          0.000     ZXX  -8.269071E-07  -6.893451E-06   1.000000E+13
 1.000000E-02             Line_1_70               0.000    0.000      -7751.984      -1876.984          0.000     ZXY   5.040654E+01   5.766607E+01   1.000000E+13
 1.000000E-02             Line_1_70               0.000    0.000      -7751.984      -1876.984          0.000     ZYX  -5.040666E+01  -5.766619E+01   1.000000E+13
 1.000000E-02             Line_1_70               0.000    0.000      -7751.984      -1876.984          0.000     ZYY   2.131482E-05  -1.161607E-05   1.000000E+13
 1.000000E-02             Line_1_71               0.000    0.000      -7751.984        123.016          0.000     ZXX  -9.116506E-07  -8.327040E-07   1.000000E+13
 1.000000E-02             Line_1_71               0.000    0.000      -7751.984        123.016          0.000     ZXY   5.040920E+01   5.766593E+01   1.000000E+13
 1.000000E-02             Line_1_71               0.000    0.000      -7751.984        123.016          0.000     ZYX  -5.040872E+01  -5.766639E+01   1.000000E+13
 1.000000E-02             Line_1_71               0.000    0.000      -7751.984        123.016          0.000     ZYY   8.507577E-07  -7.911806E-06   1.000000E+13
 1.000000E-02             Line_1_72               0.000    0.000      -7751.984       2123.016          0.000     ZXX   4.263104E-06   2.323965E-07   1.000000E+13
 1.000000E-02             Line_1_72               0.000    0.000      -7751.984       2123.016          0.000     ZXY   5.040846E+01   5.766603E+01   1.000000E+13
 1.000000E-02             Line_1_72               0.000    0.000      -7751.984       2123.016          0.000     ZYX  -5.040794E+01  -5.766644E+01   1.000000E+13
 1.000000E-02             Line_1_72               0.000    0.000      -7751.984       2123.016          0.000     ZYY  -2.835661E-05   4.772041E-06   1.000000E+13
 1.000000E-02             Line_1_73               0.000    0.000      -7751.984       4123.016          0.000     ZXX  -1.145708E-05  -5.572824E-05   1.000000E+13
 1.000000E-02             Line_1_73               0.000    0.000      -7751.984       4123.016          0.000     ZXY   5.040641E+01   5.766662E+01   1.000000E+13
 1.000000E-02             Line_1_73               0.000    0.000      -7751.984       4123.016          0.000     ZYX  -5.040644E+01  -5.766666E+01   1.000000E+13
 1.000000E-02             Line_1_73               0.000    0.000      -7751.984       4123.016          0.000     ZYY  -6.098005E-08   5.950131E-06   1.000000E+13
 1.000000E-02             Line_1_74               0.000    0.000      -7751.984       6123.016          0.000     ZXX   9.946349E-05  -1.220091E-04   1.000000E+13
 1.000000E-02             Line_1_74               0.000    0.000      -7751.984       6123.016          0.000     ZXY   5.040647E+01   5.766680E+01   1.000000E+13
 1.000000E-02             Line_1_74               0.000    0.000      -7751.984       6123.016          0.000     ZYX  -5.040641E+01  -5.766674E+01   1.000000E+13
 1.000000E-02             Line_1_74               0.000    0.000      -7751.984       6123.016          0.000     ZYY   4.621026E-05   4.629322E-05   1.000000E+13
 1.000000E-02             Line_1_75               0.000    0.000      -7751.984       8248.016          0.000     ZXX   1.352745E-04   3.937969E-05   1.000000E+13
 1.000000E-02             Line_1_75               0.000    0.000      -7751.984       8248.016          0.000     ZXY   5.040639E+01   5.766692E+01   1.000000E+13
 1.000000E-02             Line_1_75               0.000    0.000      -7751.984       8248.016          0.000     ZYX  -5.040643E+01  -5.766664E+01   1.000000E+13
 1.000000E-02             Line_1_75               0.000    0.000      -7751.984       8248.016          0.000     ZYY   2.141067E-06   2.433229E-05   1.000000E+13
 1.000000E-02             Line_1_76               0.000    0.000      -7751.984      10323.020          0.000     ZXX   9.398037E-05   8.808787E-05   1.000000E+13
 1.000000E-02             Line_1_76               0.000    0.000      -7751.984      10323.020          0.000     ZXY   5.040635E+01   5.766699E+01   1.000000E+13
 1.000000E-02             Line_1_76               0.000    0.000      -7751.984      10323.020          0.000     ZYX  -5.040646E+01  -5.766670E+01   1.000000E+13
 1.000000E-02             Line_1_76               0.000    0.000      -7751.984      10323.020          0.000     ZYY  -1.223729E-05   2.328413E-06   1.000000E+13
 1.000000E-02             Line_1_77               0.000    0.000      -5751.984      -9751.985          0.000     ZXX   1.287666E-04  -1.140454E-05   1.000000E+13
 1.000000E-02             Line_1_77               0.000    0.000      -5751.984      -9751.985          0.000     ZXY   5.040062E+01   5.766321E+01   1.000000E+13
 1.000000E-02             Line_1_77               0.000    0.000      -5751.984      -9751.985          0.000     ZYX  -5.040656E+01  -5.766672E+01   1.000000E+13
 1.000000E-02             Line_1_77               0.000    0.000      -5751.984      -9751.985          0.000     ZYY   1.405508E-04  -1.060645E-05   1.000000E+13
 1.000000E-02             Line_1_78               0.000    0.000      -5751.984      -7751.984          0.000     ZXX  -8.347637E-04  -4.993757E-04   1.000000E+13
 1.000000E-02             Line_1_78               0.000    0.000      -5751.984      -7751.984          0.000     ZXY   5.040204E+01   5.766458E+01   1.000000E+13
 1.000000E-02             Line_1_78               0.000    0.000      -5751.984      -7751.984          0.000     ZYX  -5.040667E+01  -5.766678E+01   1.000000E+13
 1.000000E-02             Line_1_78               0.000    0.000      -5751.984      -7751.984          0.000     ZYY   9.971168E-04   4.602624E-04   1.000000E+13
 1.000000E-02             Line_1_79               0.000    0.000      -5751.984      -5876.984          0.000     ZXX  -7.164667E-04  -1.497243E-04   1.000000E+13
 1.000000E-02             Line_1_79               0.000    0.000      -5751.984      -5876.984          0.000     ZXY   5.040475E+01   5.766683E+01   1.000000E+13
 1.000000E-02             Line_1_79               0.000    0.000      -5751.984      -5876.984          0.000     ZYX  -5.040625E+01  -5.766658E+01   1.000000E+13
 1.000000E-02             Line_1_79               0.000    0.000      -5751.984      -5876.984          0.000     ZYY   7.887475E-04  -5.939138E-05   1.000000E+13
 1.000000E-02             Line_1_80               0.000    0.000      -5751.984      -3876.984          0.000     ZXX  -4.291442E-04   1.147143E-04   1.000000E+13
 1.000000E-02             Line_1_80               0.000    0.000      -5751.984      -3876.984          0.000     ZXY   5.040622E+01   5.766693E+01   1.000000E+13
 1.000000E-02             Line_1_80               0.000    0.000      -5751.984      -3876.984          0.000     ZYX  -5.040605E+01  -5.766660E+01   1.000000E+13
 1.000000E-02             Line_1_80               0.000    0.000      -5751.984      -3876.984          0.000     ZYY   1.641840E-04  -1.929101E-04   1.000000E+13
 1.000000E-02             Line_1_81               0.000    0.000      -5751.984      -1876.984          0.000     ZXX   2.373197E-05   2.971500E-06   1.000000E+13
 1.000000E-02             Line_1_81               0.000    0.000      -5751.984      -1876.984          0.000     ZXY   5.040656E+01   5.766624E+01   1.000000E+13
 1.000000E-02             Line_1_81               0.000    0.000      -5751.984      -1876.984          0.000     ZYX  -5.040667E+01  -5.766632E+01   1.000000E+13
 1.000000E-02             Line_1_81               0.000    0.000      -5751.984      -1876.984          0.000     ZYY   1.576677E-05   9.700798E-06   1.000000E+13
 1.000000E-02             Line_1_82               0.000    0.000      -5751.984        123.016          0.000     ZXX  -7.080477E-06  -8.312266E-06   1.000000E+13
 1.000000E-02             Line_1_82               0.000    0.000      -5751.984        123.016          0.000     ZXY   5.040917E+01   5.766614E+01   1.000000E+13
 1.000000E-02             Line_1_82               0.000    0.000      -5751.984        123.016          0.000     ZYX  -5.040873E+01  -5.766634E+01   1.000000E+13
 1.000000E-02             Line_1_82               0.000    0.000      -5751.984        123.016          0.000     ZYY   1.828190E-05  -5.524612E-06   1.000000E+13
 1.000000E-02             Line_1_83               0.000    0.000      -5751.984       2123.016          0.000     ZXX  -1.305453E-05   3.928350E-06   1.000000E+13
 1.000000E-02             Line_1_83               0.000    0.000      -5751.984       2123.016          0.000     ZXY   5.040849E+01   5.766622E+01   1.000000E+13
 1.000000E-02             Line_1_83               0.000    0.000      -5751.984       2123.016          0.000     ZYX  -5.040791E+01  -5.766656E+01   1.000000E+13
 1.000000E-02             Line_1_83               0.000    0.000      -5751.984       2123.016          0.000     ZYY  -1.580631E-05   1.025023E-06   1.000000E+13
 1.000000E-02             Line_1_84               0.000    0.000      -5751.984       4123.016          0.000     ZXX   4.545077E-04  -2.000579E-04   1.000000E+13
 1.000000E-02             Line_1_84               0.000    0.000      -5751.984       4123.016          0.000     ZXY   5.040618E+01   5.766694E+01   1.000000E+13
 1.000000E-02             Line_1_84               0.000    0.000      -5751.984       4123.016          0.000     ZYX  -5.040613E+01  -5.766675E+01   1.000000E+13
 1.000000E-02             Line_1_84               0.000    0.000      -5751.984       4123.016          0.000     ZYY  -2.217961E-04   1.911388E-04   1.000000E+13
 1.000000E-02             Line_1_85               0.000    0.000      -5751.984       6123.016          0.000     ZXX   8.891260E-04   3.254570E-04   1.000000E+13
 1.000000E-02             Line_1_85               0.000    0.000      -5751.984       6123.016          0.000     ZXY   5.040440E+01   5.766665E+01   1.000000E+13
 1.000000E-02             Line_1_85               0.000    0.000      -5751.984       6123.016          0.000     ZYX  -5.040625E+01  -5.766651E+01   1.000000E+13
 1.000000E-02             Line_1_85               0.000    0.000      -5751.984       6123.016          0.000     ZYY  -8.840964E-04  -3.207751E-05   1.000000E+13
 1.000000E-02             Line_1_86               0.000    0.000      -5751.984       8248.016          0.000     ZXX   5.640257E-04   3.727804E-04   1.000000E+13
 1.000000E-02             Line_1_86               0.000    0.000      -5751.984       8248.016          0.000     ZXY   5.040152E+01   5.766396E+01   1.000000E+13
 1.000000E-02             Line_1_86               0.000    0.000      -5751.984       8248.016          0.000     ZYX  -5.040676E+01  -5.766682E+01   1.000000E+13
 1.000000E-02             Line_1_86               0.000    0.000      -5751.984       8248.016          0.000     ZYY  -7.999828E-04  -3.183415E-04   1.000000E+13
 1.000000E-02             Line_1_87               0.000    0.000      -5751.984      10323.020          0.000     ZXX  -2.550529E-04   6.507699E-05   1.000000E+13
 1.000000E-02             Line_1_87               0.000    0.000      -5751.984      10323.020          0.000     ZXY   5.040062E+01   5.766322E+01   1.000000E+13
 1.000000E-02             Line_1_87               0.000    0.000      -5751.984      10323.020          0.000     ZYX  -5.040640E+01  -5.766671E+01   1.000000E+13
 1.000000E-02             Line_1_87               0.000    0.000      -5751.984      10323.020          0.000     ZYY  -3.690591E-05  -2.345634E-05   1.000000E+13
 1.000000E-02             Line_1_88               0.000    0.000      -3876.984      -9751.985          0.000     ZXX  -2.128345E-03   4.448592E-03   1.000000E+13
 1.000000E-02             Line_1_88               0.000    0.000      -3876.984      -9751.985          0.000     ZXY   5.045590E+01   5.760003E+01   1.000000E+13
 1.000000E-02             Line_1_88               0.000    0.000      -3876.984      -9751.985          0.000     ZYX  -5.032329E+01  -5.771831E+01   1.000000E+13
 1.000000E-02             Line_1_88               0.000    0.000      -3876.984      -9751.985          0.000     ZYY   1.110989E-03   2.373397E-04   1.000000E+13
 1.000000E-02             Line_1_89               0.000    0.000      -3876.984      -7751.984          0.000     ZXX   1.614002E-02  -2.988504E-02   1.000000E+13
 1.000000E-02             Line_1_89               0.000    0.000      -3876.984      -7751.984          0.000     ZXY   5.044147E+01   5.760757E+01   1.000000E+13
 1.000000E-02             Line_1_89               0.000    0.000      -3876.984      -7751.984          0.000     ZYX  -5.032149E+01  -5.771677E+01   1.000000E+13
 1.000000E-02             Line_1_89               0.000    0.000      -3876.984      -7751.984          0.000     ZYY  -2.412088E-02   3.070214E-02   1.000000E+13
 1.000000E-02             Line_1_90               0.000    0.000      -3876.984      -5876.984          0.000     ZXX  -2.771665E-03  -1.293509E-02   1.000000E+13
 1.000000E-02             Line_1_90               0.000    0.000      -3876.984      -5876.984          0.000     ZXY   5.040674E+01   5.764587E+01   1.000000E+13
 1.000000E-02             Line_1_90               0.000    0.000      -3876.984      -5876.984          0.000     ZYX  -5.040719E+01  -5.766139E+01   1.000000E+13
 1.000000E-02             Line_1_90               0.000    0.000      -3876.984      -5876.984          0.000     ZYY   2.116179E-03   1.253510E-02   1.000000E+13
 1.000000E-02             Line_1_91               0.000    0.000      -3876.984      -3876.984          0.000     ZXX  -1.750375E-03  -1.766072E-03   1.000000E+13
 1.000000E-02             Line_1_91               0.000    0.000      -3876.984      -3876.984          0.000     ZXY   5.040415E+01   5.766536E+01   1.000000E+13
 1.000000E-02             Line_1_91               0.000    0.000      -3876.984      -3876.984          0.000     ZYX  -5.040482E+01  -5.766538E+01   1.000000E+13
 1.000000E-02             Line_1_91               0.000    0.000      -3876.984      -3876.984          0.000     ZYY   2.132517E-03   1.275510E-03   1.000000E+13
 1.000000E-02             Line_1_92               0.000    0.000      -3876.984      -1876.984          0.000     ZXX   3.010281E-04   5.318431E-04   1.000000E+13
 1.000000E-02             Line_1_92               0.000    0.000      -3876.984      -1876.984          0.000     ZXY   5.040458E+01   5.766574E+01   1.000000E+13
 1.000000E-02             Line_1_92               0.000    0.000      -3876.984      -1876.984          0.000     ZYX  -5.040640E+01  -5.766638E+01   1.000000E+13
 1.000000E-02             Line_1_92               0.000    0.000      -3876.984      -1876.984          0.000     ZYY  -5.031618E-04  -1.568130E-04   1.000000E+13
 1.000000E-02             Line_1_93               0.000    0.000      -3876.984        123.016          0.000     ZXX  -9.326699E-05  -3.752814E-05   1.000000E+13
 1.000000E-02             Line_1_93               0.000    0.000      -3876.984        123.016          0.000     ZXY   5.040629E+01   5.766445E+01   1.000000E+13
 1.000000E-02             Line_1_93               0.000    0.000      -3876.984        123.016          0.000     ZYX  -5.040913E+01  -5.766646E+01   1.000000E+13
 1.000000E-02             Line_1_93               0.000    0.000      -3876.984        123.016          0.000     ZYY   8.539916E-05   6.367026E-05   1.000000E+13
 1.000000E-02             Line_1_94               0.000    0.000      -3876.984       2123.016          0.000     ZXX  -5.609235E-05  -4.514360E-04   1.000000E+13
 1.000000E-02             Line_1_94               0.000    0.000      -3876.984       2123.016          0.000     ZXY   5.040667E+01   5.766585E+01   1.000000E+13
 1.000000E-02             Line_1_94               0.000    0.000      -3876.984       2123.016          0.000     ZYX  -5.040744E+01  -5.766682E+01   1.000000E+13
 1.000000E-02             Line_1_94               0.000    0.000      -3876.984       2123.016          0.000     ZYY   3.932563E-04   1.287500E-04   1.000000E+13
 1.000000E-02             Line_1_95               0.000    0.000      -3876.984       4123.016          0.000     ZXX   2.198837E-03   2.521629E-03   1.000000E+13
 1.000000E-02             Line_1_95               0.000    0.000      -3876.984       4123.016          0.000     ZXY   5.040401E+01   5.766426E+01   1.000000E+13
 1.000000E-02             Line_1_95               0.000    0.000      -3876.984       4123.016          0.000     ZYX  -5.040437E+01  -5.766504E+01   1.000000E+13
 1.000000E-02             Line_1_95               0.000    0.000      -3876.984       4123.016          0.000     ZYY  -2.529080E-03  -2.029318E-03   1.000000E+13
 1.000000E-02             Line_1_96               0.000    0.000      -3876.984       6123.016          0.000     ZXX   1.538739E-03   1.585889E-02   1.000000E+13
 1.000000E-02             Line_1_96               0.000    0.000      -3876.984       6123.016          0.000     ZXY   5.040920E+01   5.764126E+01   1.000000E+13
 1.000000E-02             Line_1_96               0.000    0.000      -3876.984       6123.016          0.000     ZYX  -5.040842E+01  -5.766088E+01   1.000000E+13
 1.000000E-02             Line_1_96               0.000    0.000      -3876.984       6123.016          0.000     ZYY  -1.166000E-03  -1.492494E-02   1.000000E+13
 1.000000E-02             Line_1_97               0.000    0.000      -3876.984       8248.016          0.000     ZXX  -3.228056E-03   1.181201E-02   1.000000E+13
 1.000000E-02             Line_1_97               0.000    0.000      -3876.984       8248.016          0.000     ZXY   5.045106E+01   5.760194E+01   1.000000E+13
 1.000000E-02             Line_1_97               0.000    0.000      -3876.984       8248.016          0.000     ZYX  -5.032087E+01  -5.772170E+01   1.000000E+13
 1.000000E-02             Line_1_97               0.000    0.000      -3876.984       8248.016          0.000     ZYY   4.768621E-03  -1.464496E-02   1.000000E+13
 1.000000E-02             Line_1_98               0.000    0.000      -3876.984      10323.020          0.000     ZXX   1.430629E-03  -5.394228E-03   1.000000E+13
 1.000000E-02             Line_1_98               0.000    0.000      -3876.984      10323.020          0.000     ZXY   5.045406E+01   5.760344E+01   1.000000E+13
 1.000000E-02             Line_1_98               0.000    0.000      -3876.984      10323.020          0.000     ZYX  -5.032101E+01  -5.771799E+01   1.000000E+13
 1.000000E-02             Line_1_98               0.000    0.000      -3876.984      10323.020          0.000     ZYY   1.874312E-03  -1.086889E-03   1.000000E+13
 1.000000E-02             Line_1_99               0.000    0.000       4248.016      -9751.985          0.000     ZXX   3.263664E-03  -5.056252E-03   1.000000E+13
 1.000000E-02             Line_1_99               0.000    0.000       4248.016      -9751.985          0.000     ZXY   5.042787E+01   5.759400E+01   1.000000E+13
 1.000000E-02             Line_1_99               0.000    0.000       4248.016      -9751.985          0.000     ZYX  -5.019785E+01  -5.767720E+01   1.000000E+13
 1.000000E-02             Line_1_99               0.000    0.000       4248.016      -9751.985          0.000     ZYY  -9.849384E-04  -8.185536E-04   1.000000E+13
 1.000000E-02             Line_1_100              0.000    0.000       4248.016      -7751.984          0.000     ZXX  -2.499342E-02   3.412135E-02   1.000000E+13
 1.000000E-02             Line_1_100              0.000    0.000       4248.016      -7751.984          0.000     ZXY   5.042376E+01   5.760112E+01   1.000000E+13
 1.000000E-02             Line_1_100              0.000    0.000       4248.016      -7751.984          0.000     ZYX  -5.019834E+01  -5.767776E+01   1.000000E+13
 1.000000E-02             Line_1_100              0.000    0.000       4248.016      -7751.984          0.000     ZYY   4.324195E-02  -3.133703E-02   1.000000E+13
 1.000000E-02             Line_1_101              0.000    0.000       4248.016      -5876.984          0.000     ZXX   1.635774E-03   1.504801E-02   1.000000E+13
 1.000000E-02             Line_1_101              0.000    0.000       4248.016      -5876.984          0.000     ZXY   5.040833E+01   5.764299E+01   1.000000E+13
 1.000000E-02             Line_1_101              0.000    0.000       4248.016      -5876.984          0.000     ZYX  -5.040910E+01  -5.766168E+01   1.000000E+13
 1.000000E-02             Line_1_101              0.000    0.000       4248.016      -5876.984          0.000     ZYY  -1.058567E-03  -1.578500E-02   1.000000E+13
 1.000000E-02             Line_1_102              0.000    0.000       4248.016      -3876.984          0.000     ZXX   2.005469E-03   1.826424E-03   1.000000E+13
 1.000000E-02             Line_1_102              0.000    0.000       4248.016      -3876.984          0.000     ZXY   5.040430E+01   5.766487E+01   1.000000E+13
 1.000000E-02             Line_1_102              0.000    0.000       4248.016      -3876.984          0.000     ZYX  -5.040448E+01  -5.766488E+01   1.000000E+13
 1.000000E-02             Line_1_102              0.000    0.000       4248.016      -3876.984          0.000     ZYY  -1.961788E-03  -1.896680E-03   1.000000E+13
 1.000000E-02             Line_1_103              0.000    0.000       4248.016      -1876.984          0.000     ZXX  -2.825562E-04  -3.023013E-04   1.000000E+13
 1.000000E-02             Line_1_103              0.000    0.000       4248.016      -1876.984          0.000     ZXY   5.040469E+01   5.766608E+01   1.000000E+13
 1.000000E-02             Line_1_103              0.000    0.000       4248.016      -1876.984          0.000     ZYX  -5.040615E+01  -5.766641E+01   1.000000E+13
 1.000000E-02             Line_1_103              0.000    0.000       4248.016      -1876.984          0.000     ZYY   5.718955E-04   2.065032E-04   1.000000E+13
 1.000000E-02             Line_1_104              0.000    0.000       4248.016        123.016          0.000     ZXX   5.521849E-05   7.085764E-05   1.000000E+13
 1.000000E-02             Line_1_104              0.000    0.000       4248.016        123.016          0.000     ZXY   5.040620E+01   5.766425E+01   1.000000E+13
 1.000000E-02             Line_1_104              0.000    0.000       4248.016        123.016          0.000     ZYX  -5.040923E+01  -5.766669E+01   1.000000E+13
 1.000000E-02             Line_1_104              0.000    0.000       4248.016        123.016          0.000     ZYY  -8.250478E-05  -8.959860E-05   1.000000E+13
 1.000000E-02             Line_1_105              0.000    0.000       4248.016       2123.016          0.000     ZXX   2.006112E-04   4.545806E-04   1.000000E+13
 1.000000E-02             Line_1_105              0.000    0.000       4248.016       2123.016          0.000     ZXY   5.040681E+01   5.766616E+01   1.000000E+13
 1.000000E-02             Line_1_105              0.000    0.000       4248.016       2123.016          0.000     ZYX  -5.040723E+01  -5.766654E+01   1.000000E+13
 1.000000E-02             Line_1_105              0.000    0.000       4248.016       2123.016          0.000     ZYY  -4.396364E-04  -1.547772E-04   1.000000E+13
 1.000000E-02             Line_1_106              0.000    0.000       4248.016       4123.016          0.000     ZXX  -2.565727E-03  -2.980811E-03   1.000000E+13
 1.000000E-02             Line_1_106              0.000    0.000       4248.016       4123.016          0.000     ZXY   5.040408E+01   5.766372E+01   1.000000E+13
 1.000000E-02             Line_1_106              0.000    0.000       4248.016       4123.016          0.000     ZYX  -5.040450E+01  -5.766467E+01   1.000000E+13
 1.000000E-02             Line_1_106              0.000    0.000       4248.016       4123.016          0.000     ZYY   2.392305E-03   2.763210E-03   1.000000E+13
 1.000000E-02             Line_1_107              0.000    0.000       4248.016       6123.016          0.000     ZXX  -3.509555E-04  -1.851618E-02   1.000000E+13
 1.000000E-02             Line_1_107              0.000    0.000       4248.016       6123.016          0.000     ZXY   5.041169E+01   5.763732E+01   1.000000E+13
 1.000000E-02             Line_1_107              0.000    0.000       4248.016       6123.016          0.000     ZYX  -5.041079E+01  -5.766154E+01   1.000000E+13
 1.000000E-02             Line_1_107              0.000    0.000       4248.016       6123.016          0.000     ZYY  -9.350226E-04   1.919510E-02   1.000000E+13
 1.000000E-02             Line_1_108              0.000    0.000       4248.016       8248.016          0.000     ZXX   4.719114E-03  -1.372076E-02   1.000000E+13
 1.000000E-02             Line_1_108              0.000    0.000       4248.016       8248.016          0.000     ZXY   5.042383E+01   5.759325E+01   1.000000E+13
 1.000000E-02             Line_1_108              0.000    0.000       4248.016       8248.016          0.000     ZYX  -5.019785E+01  -5.768135E+01   1.000000E+13
 1.000000E-02             Line_1_108              0.000    0.000       4248.016       8248.016          0.000     ZYY  -8.467950E-03   1.610835E-02   1.000000E+13
 1.000000E-02             Line_1_109              0.000    0.000       4248.016      10323.020          0.000     ZXX  -3.059352E-03   5.814523E-03   1.000000E+13
 1.000000E-02             Line_1_109              0.000    0.000       4248.016      10323.020          0.000     ZXY   5.042459E+01   5.759762E+01   1.000000E+13
 1.000000E-02             Line_1_109              0.000    0.000       4248.016      10323.020          0.000     ZYX  -5.019195E+01  -5.767733E+01   1.000000E+13
 1.000000E-02             Line_1_109              0.000    0.000       4248.016      10323.020          0.000     ZYY  -3.807511E-03   1.518866E-03   1.000000E+13
 1.000000E-02             Line_1_110              0.000    0.000       6248.016      -9751.985          0.000     ZXX  -1.080333E-04   7.267036E-06   1.000000E+13
 1.000000E-02             Line_1_110              0.000    0.000       6248.016      -9751.985          0.000     ZXY   5.040095E+01   5.766298E+01   1.000000E+13
 1.000000E-02             Line_1_110              0.000    0.000       6248.016      -9751.985          0.000     ZYX  -5.040660E+01  -5.766677E+01   1.000000E+13
 1.000000E-02             Line_1_110              0.000    0.000       6248.016      -9751.985          0.000     ZYY  -1.737008E-04   2.136984E-05   1.000000E+13
 1.000000E-02             Line_1_111              0.000    0.000       6248.016      -7751.984          0.000     ZXX   8.375651E-04   5.099767E-04   1.000000E+13
 1.000000E-02             Line_1_111              0.000    0.000       6248.016      -7751.984          0.000     ZXY   5.040225E+01   5.766442E+01   1.000000E+13
 1.000000E-02             Line_1_111              0.000    0.000       6248.016      -7751.984          0.000     ZYX  -5.040667E+01  -5.766682E+01   1.000000E+13
 1.000000E-02             Line_1_111              0.000    0.000       6248.016      -7751.984          0.000     ZYY  -9.095092E-04  -5.549608E-04   1.000000E+13
 1.000000E-02             Line_1_112              0.000    0.000       6248.016      -5876.984          0.000     ZXX   7.102014E-04   1.170629E-04   1.000000E+13
 1.000000E-02             Line_1_112              0.000    0.000       6248.016      -5876.984          0.000     ZXY   5.040474E+01   5.766670E+01   1.000000E+13
 1.000000E-02             Line_1_112              0.000    0.000       6248.016      -5876.984          0.000     ZYX  -5.040625E+01  -5.766663E+01   1.000000E+13
 1.000000E-02             Line_1_112              0.000    0.000       6248.016      -5876.984          0.000     ZYY  -8.496146E-04   3.926979E-05   1.000000E+13
 1.000000E-02             Line_1_113              0.000    0.000       6248.016      -3876.984          0.000     ZXX   3.301562E-04   8.987244E-05   1.000000E+13
 1.000000E-02             Line_1_113              0.000    0.000       6248.016      -3876.984          0.000     ZXY   5.040620E+01   5.766688E+01   1.000000E+13
 1.000000E-02             Line_1_113              0.000    0.000       6248.016      -3876.984          0.000     ZYX  -5.040614E+01  -5.766656E+01   1.000000E+13
 1.000000E-02             Line_1_113              0.000    0.000       6248.016      -3876.984          0.000     ZYY  -1.279908E-04   1.466824E-04   1.000000E+13
 1.000000E-02             Line_1_114              0.000    0.000       6248.016      -1876.984          0.000     ZXX  -2.860805E-05  -3.026296E-05   1.000000E+13
 1.000000E-02             Line_1_114              0.000    0.000       6248.016      -1876.984          0.000     ZXY   5.040652E+01   5.766621E+01   1.000000E+13
 1.000000E-02             Line_1_114              0.000    0.000       6248.016      -1876.984          0.000     ZYX  -5.040660E+01  -5.766627E+01   1.000000E+13
 1.000000E-02             Line_1_114              0.000    0.000       6248.016      -1876.984          0.000     ZYY   1.139015E-05  -1.177320E-05   1.000000E+13
 1.000000E-02             Line_1_115              0.000    0.000       6248.016        123.016          0.000     ZXX   2.224250E-05  -8.341778E-06   1.000000E+13
 1.000000E-02             Line_1_115              0.000    0.000       6248.016        123.016          0.000     ZXY   5.040912E+01   5.766608E+01   1.000000E+13
 1.000000E-02             Line_1_115              0.000    0.000       6248.016        123.016          0.000     ZYX  -5.040876E+01  -5.766638E+01   1.000000E+13
 1.000000E-02             Line_1_115              0.000    0.000       6248.016        123.016          0.000     ZYY   1.891581E-06   2.128038E-06   1.000000E+13
 1.000000E-02             Line_1_116              0.000    0.000       6248.016       2123.016          0.000     ZXX  -4.629848E-05   5.127707E-05   1.000000E+13
 1.000000E-02             Line_1_116              0.000    0.000       6248.016       2123.016          0.000     ZXY   5.040844E+01   5.766620E+01   1.000000E+13
 1.000000E-02             Line_1_116              0.000    0.000       6248.016       2123.016          0.000     ZYX  -5.040782E+01  -5.766659E+01   1.000000E+13
 1.000000E-02             Line_1_116              0.000    0.000       6248.016       2123.016          0.000     ZYY  -8.126208E-06  -3.690586E-06   1.000000E+13
 1.000000E-02             Line_1_117              0.000    0.000       6248.016       4123.016          0.000     ZXX  -3.386758E-04  -1.469721E-04   1.000000E+13
 1.000000E-02             Line_1_117              0.000    0.000       6248.016       4123.016          0.000     ZXY   5.040614E+01   5.766687E+01   1.000000E+13
 1.000000E-02             Line_1_117              0.000    0.000       6248.016       4123.016          0.000     ZYX  -5.040627E+01  -5.766651E+01   1.000000E+13
 1.000000E-02             Line_1_117              0.000    0.000       6248.016       4123.016          0.000     ZYY   1.854329E-04  -1.732519E-04   1.000000E+13
 1.000000E-02             Line_1_118              0.000    0.000       6248.016       6123.016          0.000     ZXX  -7.784629E-04  -2.101151E-04   1.000000E+13
 1.000000E-02             Line_1_118              0.000    0.000       6248.016       6123.016          0.000     ZXY   5.040445E+01   5.766641E+01   1.000000E+13
 1.000000E-02             Line_1_118              0.000    0.000       6248.016       6123.016          0.000     ZYX  -5.040623E+01  -5.766659E+01   1.000000E+13
 1.000000E-02             Line_1_118              0.000    0.000       6248.016       6123.016          0.000     ZYY   9.158797E-04   8.810991E-05   1.000000E+13
 1.000000E-02             Line_1_119              0.000    0.000       6248.016       8248.016          0.000     ZXX  -5.600917E-04  -3.801105E-04   1.000000E+13
 1.000000E-02             Line_1_119              0.000    0.000       6248.016       8248.016          0.000     ZXY   5.040172E+01   5.766365E+01   1.000000E+13
 1.000000E-02             Line_1_119              0.000    0.000       6248.016       8248.016          0.000     ZYX  -5.040676E+01  -5.766688E+01   1.000000E+13
 1.000000E-02             Line_1_119              0.000    0.000       6248.016       8248.016          0.000     ZYY   7.676644E-04   3.763380E-04   1.000000E+13
 1.000000E-02             Line_1_120              0.000    0.000       6248.016      10323.020          0.000     ZXX   2.006617E-04  -3.084858E-05   1.000000E+13
 1.000000E-02             Line_1_120              0.000    0.000       6248.016      10323.020          0.000     ZXY   5.040085E+01   5.766296E+01   1.000000E+13
 1.000000E-02             Line_1_120              0.000    0.000       6248.016      10323.020          0.000     ZYX  -5.040645E+01  -5.766673E+01   1.000000E+13
 1.000000E-02             Line_1_120              0.000    0.000       6248.016      10323.020          0.000     ZYY   2.899802E-05  -6.311450E-06   1.000000E+13
 1.000000E-02             Line_1_121              0.000    0.000       8248.016      -9751.985          0.000     ZXX   3.589823E-06   8.912852E-05   1.000000E+13
 1.000000E-02             Line_1_121              0.000    0.000       8248.016      -9751.985          0.000     ZXY   5.040645E+01   5.766704E+01   1.000000E+13
 1.000000E-02             Line_1_121              0.000    0.000       8248.016      -9751.985          0.000     ZYX  -5.040645E+01  -5.766670E+01   1.000000E+13
 1.000000E-02             Line_1_121              0.000    0.000       8248.016      -9751.985          0.000     ZYY  -1.671553E-05   2.578193E-05   1.000000E+13
 1.000000E-02             Line_1_122              0.000    0.000       8248.016      -7751.984          0.000     ZXX   6.867735E-05   6.500806E-05   1.000000E+13
 1.000000E-02             Line_1_122              0.000    0.000       8248.016      -7751.984          0.000     ZXY   5.040644E+01   5.766699E+01   1.000000E+13
 1.000000E-02             Line_1_122              0.000    0.000       8248.016      -7751.984          0.000     ZYX  -5.040645E+01  -5.766666E+01   1.000000E+13
 1.000000E-02             Line_1_122              0.000    0.000       8248.016      -7751.984          0.000     ZYY   1.594050E-05   1.027978E-05   1.000000E+13
 1.000000E-02             Line_1_123              0.000    0.000       8248.016      -5876.984          0.000     ZXX   1.577935E-04  -5.614908E-06   1.000000E+13
 1.000000E-02             Line_1_123              0.000    0.000       8248.016      -5876.984          0.000     ZXY   5.040647E+01   5.766679E+01   1.000000E+13
 1.000000E-02             Line_1_123              0.000    0.000       8248.016      -5876.984          0.000     ZYX  -5.040637E+01  -5.766667E+01   1.000000E+13
 1.000000E-02             Line_1_123              0.000    0.000       8248.016      -5876.984          0.000     ZYY   1.230381E-05   8.104065E-05   1.000000E+13
 1.000000E-02             Line_1_124              0.000    0.000       8248.016      -3876.984          0.000     ZXX   3.377856E-05  -7.538834E-05   1.000000E+13
 1.000000E-02             Line_1_124              0.000    0.000       8248.016      -3876.984          0.000     ZXY   5.040641E+01   5.766664E+01   1.000000E+13
 1.000000E-02             Line_1_124              0.000    0.000       8248.016      -3876.984          0.000     ZYX  -5.040636E+01  -5.766664E+01   1.000000E+13
 1.000000E-02             Line_1_124              0.000    0.000       8248.016      -3876.984          0.000     ZYY   3.254813E-05  -1.612553E-05   1.000000E+13
 1.000000E-02             Line_1_125              0.000    0.000       8248.016      -1876.984          0.000     ZXX   1.763358E-06  -6.521805E-07   1.000000E+13
 1.000000E-02             Line_1_125              0.000    0.000       8248.016      -1876.984          0.000     ZXY   5.040655E+01   5.766609E+01   1.000000E+13
 1.000000E-02             Line_1_125              0.000    0.000       8248.016      -1876.984          0.000     ZYX  -5.040666E+01  -5.766619E+01   1.000000E+13
 1.000000E-02             Line_1_125              0.000    0.000       8248.016      -1876.984          0.000     ZYY  -3.394519E-05   1.829542E-06   1.000000E+13
 1.000000E-02             Line_1_126              0.000    0.000       8248.016        123.016          0.000     ZXX  -9.641614E-07  -1.538512E-06   1.000000E+13
 1.000000E-02             Line_1_126              0.000    0.000       8248.016        123.016          0.000     ZXY   5.040920E+01   5.766595E+01   1.000000E+13
 1.000000E-02             Line_1_126              0.000    0.000       8248.016        123.016          0.000     ZYX  -5.040871E+01  -5.766640E+01   1.000000E+13
 1.000000E-02             Line_1_126              0.000    0.000       8248.016        123.016          0.000     ZYY   9.561282E-06  -3.610063E-06   1.000000E+13
 1.000000E-02             Line_1_127              0.000    0.000       8248.016       2123.016          0.000     ZXX   1.216962E-05   5.893602E-06   1.000000E+13
 1.000000E-02             Line_1_127              0.000    0.000       8248.016       2123.016          0.000     ZXY   5.040846E+01   5.766607E+01   1.000000E+13
 1.000000E-02             Line_1_127              0.000    0.000       8248.016       2123.016          0.000     ZYX  -5.040795E+01  -5.766645E+01   1.000000E+13
 1.000000E-02             Line_1_127              0.000    0.000       8248.016       2123.016          0.000     ZYY   2.975419E-05   6.401592E-06   1.000000E+13
 1.000000E-02             Line_1_128              0.000    0.000       8248.016       4123.016          0.000     ZXX  -3.349357E-05   1.136961E-04   1.000000E+13
 1.000000E-02             Line_1_128              0.000    0.000       8248.016       4123.016          0.000     ZXY   5.040641E+01   5.766661E+01   1.000000E+13
 1.000000E-02             Line_1_128              0.000    0.000       8248.016       4123.016          0.000     ZYX  -5.040641E+01  -5.766668E+01   1.000000E+13
 1.000000E-02             Line_1_128              0.000    0.000       8248.016       4123.016          0.000     ZYY  -5.133546E-05   1.016580E-05   1.000000E+13
 1.000000E-02             Line_1_129              0.000    0.000       8248.016       6123.016          0.000     ZXX  -1.971461E-04   5.599503E-05   1.000000E+13
 1.000000E-02             Line_1_129              0.000    0.000       8248.016       6123.016          0.000     ZXY   5.040646E+01   5.766680E+01   1.000000E+13
 1.000000E-02             Line_1_129              0.000    0.000       8248.016       6123.016          0.000     ZYX  -5.040638E+01  -5.766671E+01   1.000000E+13
 1.000000E-02             Line_1_129              0.000    0.000       8248.016       6123.016          0.000     ZYY  -7.742218E-06  -7.279747E-05   1.000000E+13
 1.000000E-02             Line_1_130              0.000    0.000       8248.016       8248.016          0.000     ZXX  -1.005892E-04  -8.943204E-05   1.000000E+13
 1.000000E-02             Line_1_130              0.000    0.000       8248.016       8248.016          0.000     ZXY   5.040640E+01   5.766693E+01   1.000000E+13
 1.000000E-02             Line_1_130              0.000    0.000       8248.016       8248.016          0.000     ZYX  -5.040646E+01  -5.766664E+01   1.000000E+13
 1.000000E-02             Line_1_130              0.000    0.000       8248.016       8248.016          0.000     ZYY   1.203253E-05  -1.896749E-05   1.000000E+13
 1.000000E-02             Line_1_131              0.000    0.000       8248.016      10323.020          0.000     ZXX  -4.834470E-05  -1.199758E-04   1.000000E+13
 1.000000E-02             Line_1_131              0.000    0.000       8248.016      10323.020          0.000     ZXY   5.040636E+01   5.766697E+01   1.000000E+13
 1.000000E-02             Line_1_131              0.000    0.000       8248.016      10323.020          0.000     ZYX  -5.040646E+01  -5.766670E+01   1.000000E+13
 1.000000E-02             Line_1_131              0.000    0.000       8248.016      10323.020          0.000     ZYY  -5.654767E-06   8.216771E-06   1.000000E+13
 1.000000E-02             Line_1_132              0.000    0.000       2123.016      -9751.985          0.000     ZXX   1.947125E-02   2.720227E-02   1.000000E+13
 1.000000E-02             Line_1_132              0.000    0.000       2123.016      -9751.985          0.000     ZXY   5.158436E+01   4.858660E+01   1.000000E+13
 1.000000E-02             Line_1_132              0.000    0.000       2123.016      -9751.985          0.000     ZYX  -5.182999E+01  -4.948223E+01   1.000000E+13
 1.000000E-02             Line_1_132              0.000    0.000       2123.016      -9751.985          0.000     ZYY   1.717255E-02  -7.047991E-03   1.000000E+13
 1.000000E-02             Line_1_133              0.000    0.000       2123.016      -7751.984          0.000     ZXX  -4.192165E-02  -8.978754E-02   1.000000E+13
 1.000000E-02             Line_1_133              0.000    0.000       2123.016      -7751.984          0.000     ZXY   5.084570E+01   5.011255E+01   1.000000E+13
 1.000000E-02             Line_1_133              0.000    0.000       2123.016      -7751.984          0.000     ZYX  -5.178502E+01  -4.945859E+01   1.000000E+13
 1.000000E-02             Line_1_133              0.000    0.000       2123.016      -7751.984          0.000     ZYY   3.345455E-02   9.009538E-02   1.000000E+13
 1.000000E-02             Line_1_134              0.000    0.000        123.016      -9751.985          0.000     ZXX  -8.821432E-04   1.213016E-04   1.000000E+13
 1.000000E-02             Line_1_134              0.000    0.000        123.016      -9751.985          0.000     ZXY   5.177154E+01   4.897860E+01   1.000000E+13
 1.000000E-02             Line_1_134              0.000    0.000        123.016      -9751.985          0.000     ZYX  -5.175757E+01  -4.892482E+01   1.000000E+13
 1.000000E-02             Line_1_134              0.000    0.000        123.016      -9751.985          0.000     ZYY  -9.162689E-04   7.323846E-04   1.000000E+13
 1.000000E-02             Line_1_135              0.000    0.000        123.016      -7751.984          0.000     ZXX   1.377392E-03  -3.617243E-04   1.000000E+13
 1.000000E-02             Line_1_135              0.000    0.000        123.016      -7751.984          0.000     ZXY   5.105790E+01   5.042584E+01   1.000000E+13
 1.000000E-02             Line_1_135              0.000    0.000        123.016      -7751.984          0.000     ZYX  -5.172743E+01  -4.890905E+01   1.000000E+13
 1.000000E-02             Line_1_135              0.000    0.000        123.016      -7751.984          0.000     ZYY  -1.729697E-03   3.753928E-05   1.000000E+13
 1.000000E-02             Line_1_136              0.000    0.000      -1876.984      -9751.985          0.000     ZXX  -2.105030E-02  -3.534927E-02   1.000000E+13
 1.000000E-02             Line_1_136              0.000    0.000      -1876.984      -9751.985          0.000     ZXY   5.144989E+01   4.883902E+01   1.000000E+13
 1.000000E-02             Line_1_136              0.000    0.000      -1876.984      -9751.985          0.000     ZYX  -5.099406E+01  -5.051245E+01   1.000000E+13
 1.000000E-02             Line_1_136              0.000    0.000      -1876.984      -9751.985          0.000     ZYY  -1.856757E-02   3.232205E-03   1.000000E+13
 1.000000E-02             Line_1_137              0.000    0.000      -1876.984      -7751.984          0.000     ZXX   1.773695E-02   1.723164E-01   1.000000E+13
 1.000000E-02             Line_1_137              0.000    0.000      -1876.984      -7751.984          0.000     ZXY   5.074529E+01   5.034325E+01   1.000000E+13
 1.000000E-02             Line_1_137              0.000    0.000      -1876.984      -7751.984          0.000     ZYX  -5.094814E+01  -5.050598E+01   1.000000E+13
 1.000000E-02             Line_1_137              0.000    0.000      -1876.984      -7751.984          0.000     ZYY  -1.077832E-02  -1.909063E-01   1.000000E+13
 1.000000E-02             Line_1_138              0.000    0.000      -1876.984       8248.016          0.000     ZXX  -2.797060E-02  -3.994558E-02   1.000000E+13
 1.000000E-02             Line_1_138              0.000    0.000      -1876.984       8248.016          0.000     ZXY   5.166068E+01   4.912724E+01   1.000000E+13
 1.000000E-02             Line_1_138              0.000    0.000      -1876.984       8248.016          0.000     ZYX  -5.099805E+01  -5.057898E+01   1.000000E+13
 1.000000E-02             Line_1_138              0.000    0.000      -1876.984       8248.016          0.000     ZYY   3.559849E-02   3.118758E-02   1.000000E+13
 1.000000E-02             Line_1_139              0.000    0.000      -1876.984      10323.020          0.000     ZXX   1.955379E-02   2.682581E-02   1.000000E+13
 1.000000E-02             Line_1_139              0.000    0.000      -1876.984      10323.020          0.000     ZXY   5.140362E+01   4.855164E+01   1.000000E+13
 1.000000E-02             Line_1_139              0.000    0.000      -1876.984      10323.020          0.000     ZYX  -5.098483E+01  -5.016787E+01   1.000000E+13
 1.000000E-02             Line_1_139              0.000    0.000      -1876.984      10323.020          0.000     ZYY   3.663135E-02   3.440505E-02   1.000000E+13
 1.000000E-02             Line_1_140              0.000    0.000        123.016       8248.016          0.000     ZXX  -9.658744E-04   2.520945E-05   1.000000E+13
 1.000000E-02             Line_1_140              0.000    0.000        123.016       8248.016          0.000     ZXY   5.198441E+01   4.930197E+01   1.000000E+13
 1.000000E-02             Line_1_140              0.000    0.000        123.016       8248.016          0.000     ZYX  -5.175386E+01  -4.902187E+01   1.000000E+13
 1.000000E-02             Line_1_140              0.000    0.000        123.016       8248.016          0.000     ZYY   9.866150E-04  -1.992958E-04   1.000000E+13
 1.000000E-02             Line_1_141              0.000    0.000        123.016      10323.020          0.000     ZXX   8.582288E-04  -2.208567E-04   1.000000E+13
 1.000000E-02             Line_1_141              0.000    0.000        123.016      10323.020          0.000     ZXY   5.170873E+01   4.859370E+01   1.000000E+13
 1.000000E-02             Line_1_141              0.000    0.000        123.016      10323.020          0.000     ZYX  -5.179466E+01  -4.846720E+01   1.000000E+13
 1.000000E-02             Line_1_141              0.000    0.000        123.016      10323.020          0.000     ZYY   2.129479E-03  -3.105078E-04   1.000000E+13
 1.000000E-02             Line_1_142              0.000    0.000       2123.016       8248.016          0.000     ZXX   2.433693E-02   2.852646E-02   1.000000E+13
 1.000000E-02             Line_1_142              0.000    0.000       2123.016       8248.016          0.000     ZXY   5.179932E+01   4.890431E+01   1.000000E+13
 1.000000E-02             Line_1_142              0.000    0.000       2123.016       8248.016          0.000     ZYX  -5.182560E+01  -4.956376E+01   1.000000E+13
 1.000000E-02             Line_1_142              0.000    0.000       2123.016       8248.016          0.000     ZYY  -2.725096E-02  -2.251688E-02   1.000000E+13
 1.000000E-02             Line_1_143              0.000    0.000       2123.016      10323.020          0.000     ZXX  -1.783073E-02  -2.074818E-02   1.000000E+13
 1.000000E-02             Line_1_143              0.000    0.000       2123.016      10323.020          0.000     ZXY   5.154128E+01   4.825384E+01   1.000000E+13
 1.000000E-02             Line_1_143              0.000    0.000       2123.016      10323.020          0.000     ZYX  -5.185480E+01  -4.907628E+01   1.000000E+13
 1.000000E-02             Line_1_143              0.000    0.000       2123.016      10323.020          0.000     ZYY  -3.275357E-02  -2.476634E-02   1.000000E+13
