 pred_mf_qmr
   28.101137760644775     
   73174.174457862988     
   71144.312272716241     
   5.9309841919196282     
   42.227355792990451     
   48237.201176137154     
   45568.883966477457     
   14.152269364343208     
   59.577188202527033     
   31865.764767683733     
   29270.508844856988     
   37.660712612929565     
   54.974334775636493     
   20918.202673219759     
   18871.018264739792     
   88.335962422876918     
   53.838067786653596     
   13274.589514808886     
   11931.301984708918     
   154.22034214858195     
   68.487861948739507     
   8292.4859198649683     
   7400.6489583611510     
   186.15720847372603     
   89.437392435719417     
   5207.9385607683807     
   4581.9900796156144     
   187.85171578355548     
   98.266696089377902     
   3331.0089317877851     
   2927.2904946976410     
   176.08339609723538     
   89.829970584678307     
   2167.4973706049591     
   1935.5782116415303     
   150.07126895048171     
   72.490674282605084     
   1429.2669837165051     
   1295.7539767620999     
   117.30205888205057     
   54.090875161812782     
   943.16844710453279     
   863.06731674603657     
   85.887954674553711     
   38.518761262512804     
   621.02030487146465     
   571.54882401878092     
   60.376211059620935     
   61.160917595398431     
   73678.791604366386     
   70382.437798404091     
   11.766749253782260     
   84.877665226859847     
   48515.557916496822     
   44742.113599581258     
   27.094492820134796     
   110.44641570340589     
   32028.396371948398     
   28586.537195887646     
   41.640949453732141     
   119.62022056112399     
   20979.671812113123     
   18362.809325323844     
   46.009330337432587     
   95.813415033725221     
   13193.905261516820     
   11608.149256667653     
   97.561544255858649     
   82.668554440650595     
   8164.0166683887001     
   7199.4080985046085     
   128.75363202061413     
   82.695017718062303     
   5090.8527814651861     
   4452.9655370159335     
   119.44948728185091     
   76.398135691377831     
   3230.8651115850698     
   2855.5114248917753     
   98.820828267963051     
   62.382056625500006     
   2084.3271600798471     
   1896.7172263108816     
   77.829622258864092     
   46.880289852056777     
   1364.5303613926069     
   1273.6293690501616     
   58.496962985507402     
   33.420733135029408     
   895.89931224251927     
   849.83025940851735     
   41.918035258901455     
   23.093467285752332     
   587.90819320009575     
   563.35075640888942     
   29.072121649012182     
   2665.3514052593605     
   71642.089051252420     
   72376.023050377291     
   2353.0155616009465     
   2343.4465582440575     
   46522.134902337661     
   47175.519748416598     
   2125.9822935490124     
   1907.0959058037433     
   30502.941428471582     
   30906.534664729512     
   1754.3391957605556     
   1481.3332430732557     
   19876.163952260315     
   20299.885674292960     
   1325.3868179175938     
   1058.6574587964990     
   12394.648336907518     
   13099.185927338727     
   857.46281023274048     
   718.60444515878146     
   7609.1618644426908     
   8260.4567518681015     
   537.20374337163810     
   472.03289337920228     
   4715.9551974621563     
   5159.8953431381069     
   337.54310743679963     
   300.02186949059353     
   2977.2657162001069     
   3321.4621599097673     
   197.16599661755049     
   189.91664525043629     
   1913.6247562698231     
   2205.7219929157095     
   110.07774214544415     
   121.79783262671114     
   1249.9066925385657     
   1479.2262618788714     
   62.546472523385269     
   78.714519072499087     
   819.39720210964106     
   986.04611148681636     
   36.768805238423241     
   51.093279677576575     
   537.14526864122308     
   653.23316234147603     
   22.285829924032569     
   2.7180739580634943     
   71605.374927317316     
   71592.896027435607     
   4.8225457218505525     
   4.8444902645722987     
   46892.819723987588     
   46830.277365822680     
   15.319334060880418     
   32.039052490192311     
   31037.584641455840     
   30895.861497543559     
   77.409526994463377     
   92.360720645850904     
   20457.804088181216     
   20456.311438172837     
   199.35132014456522     
   130.71145665309422     
   12965.165904109122     
   13278.590558714928     
   308.37527295280552     
   125.18858319190296     
   8070.9182721821744     
   8437.4823059765822     
   323.16198112877095     
   134.80967086114359     
   5050.2857781866278     
   5306.9383624067377     
   299.06585419967138     
   143.44755979635295     
   3222.6116957205850     
   3412.8967346371028     
   270.12358108810508     
   129.09323728418383     
   2098.6480732002510     
   2256.5056462268408     
   223.85311904179045     
   102.60874292292050     
   1386.2883587136662     
   1507.1499361484134     
   171.12748273044227     
   75.627331751966537     
   915.85894098959295     
   1002.0978555701973     
   123.51082660619950     
   53.378715235565082     
   603.41740019721124     
   662.90538380561293     
   86.044984006204800     
   334.54377201753078     
   107574.70867449608     
   110501.10923659295     
   335.64863231986908     
   342.74923575825460     
   61962.623145854901     
   64063.926300465930     
   346.28832078220347     
   311.45134701779278     
   37569.384760401779     
   39117.037496285542     
   372.74150550922235     
   199.34407501303986     
   23467.890697738534     
   24792.455160703357     
   430.35836765724684     
   135.01799626858704     
   14600.435811835368     
   15591.790602056642     
   490.37495809984193     
   123.24240936057346     
   9107.6474986355734     
   9621.0205004076815     
   476.32657949057489     
   133.79953540053106     
   5733.3531510098246     
   5913.9083472980528     
   414.49844855453443     
   139.86693454563195     
   3685.4796154375513     
   3737.0021901977652     
   354.09517699230554     
   126.54606954036466     
   2415.7810075969978     
   2441.6516178029979     
   286.83950857308918     
   101.78531402045471     
   1603.9696284905881     
   1619.5767468292286     
   217.95437863991219     
   75.820211892406704     
   1063.4779203291057     
   1072.3146064587152     
   156.96862030761315     
   53.937785576230404     
   702.32371228394175     
   707.41272271751393     
   109.20778137471991     
   28.473249783348813     
   109643.63962974641     
   110761.60816003320     
   63.394037879136121     
   37.070568196257888     
   62380.076278878660     
   63347.849543176664     
   94.555331459203643     
   67.748358407456394     
   36673.498395383394     
   37837.847902300338     
   230.21957839049540     
   102.80984131387034     
   21809.083705949204     
   23847.448531109403     
   664.17727661258152     
   115.77351533129777     
   12916.519975258298     
   15186.217216429866     
   1036.2818447156990     
   142.72152783976603     
   7846.2303761516978     
   9426.7550556293463     
   1020.1891247444140     
   155.27747233410508     
   4850.8758658344823     
   5800.6351866463619     
   803.75745573756251     
   148.00819644038708     
   3061.7870118953078     
   3688.8378099721849     
   598.37475009714694     
   123.68720142740980     
   1971.0384989806817     
   2425.4241582220925     
   435.98195597691438     
   94.404756329765988     
   1290.1465730911316     
   1615.3965015442056     
   310.64920074731111     
   67.968259970548232     
   847.10799377777028     
   1072.0347158320487     
   215.37385228403588     
   47.270479006099407     
   555.82265084875905     
   708.12828174187916     
   146.32495730095181     
   63.497627739859418     
   110627.74688673274     
   108324.97524411092     
   41.986497722437392     
   100.50061892982448     
   63355.224646743198     
   61572.190282920412     
   60.141840641932745     
   127.12137517662853     
   37470.806898443690     
   36649.401890288558     
   86.404888071707560     
   116.42299128528975     
   22252.607027179110     
   23138.604825907420     
   167.33836408021909     
   142.55816720861907     
   13081.060512829243     
   14965.211492869028     
   235.09662561192513     
   176.18861815941975     
   7919.3374151381167     
   9446.0126498527425     
   235.04093700647778     
   151.16792343726922     
   4868.5185174565568     
   5863.6292689796628     
   181.16389759044856     
   110.19819939727280     
   3043.0525078728056     
   3749.4798567578223     
   123.14768681536373     
   75.792001035504256     
   1938.0163867146812     
   2470.7936548902449     
   81.252087343390997     
   51.203117466494774     
   1257.4433217533769     
   1646.4630168646131     
   54.151797859907440     
   34.212760159832669     
   820.57591438416637     
   1092.6838932985670     
   36.052014761318354     
   22.692098205458155     
   536.19694641665876     
   721.70732014951739     
   23.870668978214091     
   7.6118020157113691     
   72110.173394476995     
   71545.763807332434     
   46.848378055655687     
   11.419650875560304     
   47177.084071729449     
   46746.900710176342     
   153.49010167170925     
   78.242962034377001     
   30310.247343298535     
   30678.556896593818     
   410.97423012680156     
   175.31124792795848     
   18946.210685285667     
   20734.727723905988     
   802.08846501091944     
   199.44136351883125     
   11462.176899267704     
   14169.192262409922     
   1032.8547348950267     
   138.38697794467299     
   6997.4196939445619     
   9310.4099190036341     
   926.15897923617320     
   106.79194703497058     
   4316.7310263070049     
   5924.8481792259208     
   713.08949051122397     
   103.74331102728537     
   2712.7241473699601     
   3828.8395537938436     
   542.92328646289536     
   90.661747064519560     
   1741.6801317142879     
   2533.2287346892908     
   404.64787302896468     
   70.844116136976908     
   1138.4549789225262     
   1691.0913414419772     
   291.55914507424376     
   51.616362620603958     
   746.81587472245633     
   1123.6999151577027     
   203.25707850566903     
   36.144239036376405     
   489.68755453088926     
   742.91021460522575     
   138.54509465747580     
   132.72257689939769     
   63141.461807950036     
   76691.066248451665     
   671.26596364172212     
   192.27535566039609     
   38787.378938228932     
   49835.742412819687     
   687.09247465392298     
   259.40265229133894     
   24086.610618438590     
   32479.629439466938     
   550.06748005800034     
   234.44501190603640     
   15438.854732643378     
   21207.451077943038     
   541.13724814689010     
   133.60232116386655     
   10020.784059697424     
   13453.021262809812     
   656.92222352253862     
   90.920702628977807     
   6501.5175214267847     
   8295.8515315567965     
   601.26390247496511     
   100.51372665453177     
   4197.0877861095087     
   5074.0412977501492     
   456.38749137309770     
   110.75946915343799     
   2748.0054800010689     
   3170.4577228151793     
   344.88945970635268     
   100.56825467982539     
   1830.4753104181475     
   2043.9910743506296     
   259.73171245251456     
   79.723916219297976     
   1230.6693972818973     
   1341.7803040044530     
   189.33608955502487     
   58.485831719306020     
   822.86299326355311     
   882.46158500375145     
   133.01971330572442     
   41.120495518990509     
   546.36941179460791     
   579.72414654985391     
   91.095353177566722     
   349.51179965080684     
   100620.45933289282     
   110915.44678700852     
   1948.1929419851278     
   346.49270020079564     
   55115.148552642044     
   63528.067683134992     
   1995.6238320090888     
   580.47073325354529     
   30915.066570762814     
   39111.210591143441     
   2618.7185512794163     
   740.80950575673035     
   17826.438058969972     
   26370.563022529688     
   4219.6882675284069     
   674.47604316079526     
   10818.734481125915     
   17355.722167744803     
   5034.4654067318424     
   559.12591881885919     
   6900.3783833778471     
   10886.758593642810     
   4409.6562037833964     
   448.86681109791232     
   4388.6198585146449     
   6745.0007406541936     
   3245.0128637847174     
   356.04701513876358     
   2810.6572765277751     
   4295.2048244789175     
   2268.5297277953541     
   270.93717833512477     
   1828.1580650838334     
   2818.4919162771748     
   1566.5939203950138     
   196.73374459617375     
   1205.9498171194791     
   1873.3228274229934     
   1075.2029223588693     
   137.52731793885803     
   796.03334114873496     
   1241.6278855052813     
   727.95947398072315     
   93.873369025788605     
   524.09627903303920     
   819.53087715604966     
   487.15432079988136     
   72.339603151773758     
   57070.583924143044     
   115796.40704656600     
   38.634823857809003     
   59.659021978212323     
   33790.967290969842     
   69054.868994167628     
   36.405693761576131     
   81.615815475404915     
   20247.216239471785     
   43627.111155766645     
   226.22992300863712     
   154.22562414511333     
   12210.911055927047     
   29467.276880593861     
   940.73515462856551     
   201.81262639257747     
   7656.5278303284394     
   19733.468812716314     
   1569.3355686776381     
   204.96968712578709     
   5102.4025488593688     
   12433.873285613599     
   1591.2202847593448     
   179.80687465233439     
   3313.9604393378695     
   7623.4043714507698     
   1248.2451892909630     
   144.76473527928763     
   2116.3952090138118     
   4802.2277659093479     
   889.92204009028046     
   109.41828840688657     
   1359.0093946954516     
   3119.5744745882948     
   615.89592767458555     
   79.017432756725015     
   885.37533539388414     
   2057.7113610963711     
   422.26942273163735     
   55.106649796993047     
   579.29123521686415     
   1356.7687745552894     
   285.68033928259621     
   37.573012924764228     
   379.14328921416671     
   892.37032756743247     
   191.07763120700048     
   375.83708747949862     
   29621.113732464379     
   29465.343506480713     
   233.84898799833181     
   327.88722167832304     
   19771.334437841808     
   18752.928757277750     
   216.91095976808910     
   272.71459273949040     
   13185.912776902343     
   11663.686960260129     
   191.35153833345981     
   324.83565413732310     
   8707.6867630682409     
   7306.9426668339120     
   199.34864789795498     
   302.32319761069351     
   5951.6603044529083     
   4688.0792880256940     
   192.99191667647477     
   245.22670377686200     
   4220.7569995274480     
   2935.2163502322337     
   145.08459416780073     
   185.48694328434178     
   2837.6048757757712     
   1780.7672409166512     
   103.02144839601586     
   129.51212380168309     
   1840.2709328193121     
   1101.3994937766290     
   78.438820382766579     
   87.119541171469024     
   1189.5011482357222     
   703.64053836538403     
   59.479991767132177     
   58.212122764655803     
   777.43271654968885     
   458.61340613816350     
   43.365723041302445     
   38.758445615680898     
   509.64389653336940     
   300.06037371027270     
   30.458224740174280     
   25.692843058405572     
   333.95616756853963     
   196.37028901683416     
   20.859550947517270     
   885.01906740761046     
   45911.507583141196     
   32850.446697368068     
   126.66125561673027     
   1079.6191768356332     
   30080.583241839337     
   21927.258454451814     
   199.93920184388901     
   1417.3984757111407     
   19858.256068054390     
   14271.204987523832     
   320.42939000321354     
   1888.3170114916313     
   13512.157980754020     
   9066.6627072223073     
   533.95846636168244     
   1883.0643546561726     
   9582.9139353379669     
   5599.7979149073917     
   666.12089353565864     
   1450.9492694774269     
   6847.6522995752957     
   3378.6674020641876     
   608.10841370214598     
   1024.8089351142321     
   4659.8081347877524     
   2028.9277633890274     
   472.23467728678514     
   729.42268810567987     
   3106.7429662344207     
   1241.0654567747756     
   350.83229875152364     
   520.90908252613008     
   2077.7763236427145     
   784.69456509202098     
   255.31691611397588     
   365.56682262630306     
   1396.8919147524537     
   507.92924608596070     
   181.46169359882785     
   250.70195848740752     
   933.46739806409801     
   331.15538502307226     
   125.54801720560161     
   169.15061250216391     
   619.44989466359266     
   216.35577265544239     
   85.179700611682719     
   664.13660050070428     
   70636.159362349106     
   70456.280855795456     
   380.95808812437571     
   1100.4499100077796     
   47135.038393591320     
   45252.214351217430     
   766.41440078478399     
   1137.3697462771127     
   33662.865522042113     
   28466.010985985034     
   976.55575676492901     
   912.22415918803051     
   25132.930321424079     
   16925.094057975639     
   1016.0151716147827     
   632.87447637637808     
   18648.218652111736     
   9630.7645580446497     
   875.17634315288683     
   367.30147360083743     
   13315.765704457697     
   5482.1143444099389     
   635.01577779937861     
   218.88122793130475     
   9015.7750799864134     
   3189.3381818307598     
   405.45424179295281     
   163.53062521622573     
   6013.3746735427949     
   1927.0762697998275     
   252.58092303057887     
   133.89658407262834     
   4026.8716479867994     
   1213.0746329406393     
   159.94721676779238     
   105.38322665145780     
   2710.3983530126338     
   784.21928298010664     
   102.98672879743586     
   78.279076182577086     
   1812.8630807229129     
   510.90153386507126     
   66.720303251946120     
   55.737166173376650     
   1203.8491921296215     
   333.60415135979008     
   43.329116477864190     
  0.35919682216380650     
   23374.861437851825     
   23371.189230499796     
   2.9712605122158386     
   4.5941514574617299     
   15095.717012156934     
   15114.725532149196     
   27.549751068674645     
   20.798284953608245     
   9540.5582825318579     
   9916.1158197412860     
   122.85377285592399     
   28.334580741868983     
   6176.2858314903833     
   6699.1741393827815     
   271.93091574580018     
   82.729316499884320     
   4701.1413559694020     
   4348.8102132753647     
   336.66997169287652     
   124.68602605423642     
   3571.0506209917112     
   2545.5258590844410     
   302.62358771093523     
   123.54523157068046     
   2480.6697192664060     
   1435.3817221793299     
   228.42802139414127     
   104.48208584125507     
   1643.9427114365490     
   835.43015194464112     
   159.24834784397476     
   81.596719441570755     
   1080.4785628863217     
   509.45640796874625     
   107.88787480122700     
   60.266154842304452     
   714.64290192003739     
   321.84111840503380     
   72.590902741776645     
   42.673931787776162     
   472.21551107853696     
   206.41615692972709     
   48.450517491939962     
   29.392988242894205     
   311.02964972210111     
   133.34959677078328     
   32.107163065344885     
   4.8383160525293318     
   23406.324158913238     
   23397.306705936797     
   1.8105285773350011     
   38.982657430054516     
   14949.047604669406     
   15028.291781508447     
   16.873909731811807     
   154.23579389813483     
   9248.2869192032413     
   9740.0818976008650     
   64.319238680784025     
   336.82537463439422     
   6300.2030393689920     
   6795.0835839833217     
   136.15892426093725     
   411.47512311680163     
   5150.0001142476203     
   4517.4279421989449     
   197.40994704306976     
   384.75889250998972     
   4051.1525746521024     
   2707.2033921318634     
   206.53352778706548     
   307.86512599116065     
   2857.5503625089395     
   1572.8266906761464     
   167.26113400348552     
   226.41855240977674     
   1905.4908647311636     
   944.62869473227113     
   118.55498152622317     
   160.68738928167465     
   1254.2766403273915     
   589.82968683879017     
   79.898540677866990     
   111.69340616581580     
   829.33799746037607     
   378.18474327320200     
   53.321850128652287     
   76.101524275507899     
   547.64081579256515     
   244.69790143597928     
   35.365213413753835     
   51.122213925527852     
   360.49714914486691     
   158.93592523289166     
   23.334520859974994     
  0.47515577182346364     
   23366.380724362192     
   23367.586381982492     
  0.35029055240940038     
   5.7146553230903541     
   15118.825569449660     
   15122.414975014499     
   3.2803945752662673     
   69.505703190501663     
   9823.4156666138861     
   9807.7559593672649     
   32.602128624389238     
   220.63854834580604     
   6270.9943176928673     
   6418.8930217237730     
   110.70690537463375     
   311.75850095658865     
   4337.8368750229884     
   4410.3633335238428     
   199.29023249518417     
   303.34060071991479     
   3087.3116756304084     
   2913.3901585975177     
   230.65796992479372     
   241.62349382887160     
   2053.6081851932690     
   1820.3280199346116     
   192.07668108278375     
   173.41810727016821     
   1315.3580633148676     
   1128.2608219260892     
   133.40788107069551     
   119.61017913522110     
   842.55713439334488     
   713.63953827693012     
   85.973177602228660     
   81.387968252818652     
   547.21457447605758     
   460.47035348141048     
   54.954373737359759     
   54.686964656612680     
   357.14286605172151     
   299.18547424158055     
   35.308910433532979     
   36.404634740999398     
   233.29567204754471     
   194.90509700584309     
   22.794772127283373     
   618.44531707028398     
   69363.745156772071     
   71516.327986249205     
   265.46781949496227     
   1818.9184838315316     
   51522.781981364315     
   51216.297681320437     
   703.74134798159196     
   3333.7947677021325     
   39878.099896244639     
   35920.273376092133     
   1183.7231715369417     
   3868.9930704140129     
   29228.903511385466     
   23985.963812729471     
   1404.5316209111463     
   3142.5984449419443     
   20167.725377036997     
   15224.922249510682     
   1352.5881292975230     
   2101.9010313172103     
   13418.971704354670     
   9373.8631375951209     
   1149.8941738931960     
   1338.3423708298740     
   8715.0135016334389     
   5753.0975170464453     
   898.51041060907505     
   852.97665595642741     
   5703.3272464405109     
   3600.5674400312532     
   663.27422926324050     
   547.57805981792637     
   3791.5282842228485     
   2316.8690292146289     
   474.17965568860035     
   356.84195561967249     
   2543.9656430097502     
   1518.3718120419876     
   333.03286910717929     
   233.77911235346792     
   1698.0562267428386     
   997.75835471295807     
   228.93715760542156     
   153.27939441466614     
   1126.0776843330366     
   655.21201007530533     
   154.78552841679993     
   54.363876070283858     
   23577.608945759403     
   23328.171703235617     
   29.599371428108185     
   305.24686067502648     
   15038.166063320063     
   14604.947732955145     
   148.63146507072457     
   690.34891448049780     
   10483.807678181662     
   9812.7212673342838     
   254.91491042693625     
   948.80026553629125     
   7803.9070844172375     
   7128.6602738091051     
   370.86485260669315     
   898.31645932822630     
   5428.6145657170937     
   4755.5556976842881     
   510.87220303878922     
   656.41595411550702     
   3521.8136259568096     
   2881.6144924400587     
   501.13359139146723     
   437.72402938888632     
   2209.6916768942710     
   1704.8035682543491     
   385.09786930073739     
   289.91187172977573     
   1395.6159473605883     
   1034.4236086503163     
   271.73212394395154     
   192.66819096088341     
   899.91830696566740     
   651.49249508513265     
   187.19716415605379     
   128.62723494042208     
   590.57800037123445     
   421.39935340986210     
   128.20879914138277     
   85.476185729488847     
   388.60443137161980     
   274.72408164605463     
   86.745930384805291     
   56.512262848077626     
   255.32347118986303     
   179.47118426245379     
   58.048016406839629     
   48.474023818678099     
   29946.000481339157     
   34786.513519924760     
   19.043107414199696     
   234.00461332632389     
   20048.679602419954     
   24455.184572569109     
   95.790166963450147     
   535.30880427784473     
   14637.888012489628     
   18490.159478624108     
   231.76878738268863     
   762.64280601230530     
   11115.509253779099     
   13674.070498699311     
   342.13365013472804     
   686.58910051106898     
   7971.0846899255148     
   9041.6224046333846     
   389.78018924601389     
   441.94100991822103     
   5165.6836147366039     
   5451.5375916104822     
   340.39561146325076     
   262.22580024019010     
   3204.0601948726253     
   3248.8405774644511     
   241.33269077848610     
   162.52191584816416     
   2002.9219890172719     
   2005.2955596230461     
   159.55310792211284     
   106.53802358198439     
   1278.1022822455509     
   1282.4289168815549     
   103.95164717341531     
   71.380412036467888     
   831.13748200362920     
   837.70115122830441     
   68.163786275746844     
   47.669916037761240     
   543.28755846620379     
   549.18671962735300     
   44.750890430545532     
   31.637612053305471     
   355.34214666049775     
   359.93483603802639     
   29.345832815484211     
   865.54436659702594     
   38752.902121729712     
   61134.426154837827     
   500.74001694036491     
   1774.1207861130583     
   25522.201012690024     
   43570.932822362105     
   695.21816313826423     
   2514.9739791029906     
   17797.972943875397     
   32340.439311064907     
   613.54086179519788     
   2670.5546218042609     
   12676.830691040022     
   23905.048494819308     
   148.73265964487979     
   2114.0500857774728     
   8639.6560010904195     
   16623.513753377731     
   337.28426141579689     
   1349.9756212599004     
   5523.7340136537041     
   10763.729790761125     
   507.14718987154004     
   819.26419070218640     
   3425.4305535179005     
   6734.6487083946913     
   432.16466170258053     
   518.21462627888013     
   2132.7716110429615     
   4253.0488634966405     
   307.71939385373673     
   338.82704689271418     
   1352.1075308559825     
   2747.1256138873177     
   206.34492908692641     
   224.17822800584631     
   874.15931625146402     
   1802.5584104277571     
   137.17017454288862     
   147.88198564418730     
   569.02531761624368     
   1184.6767280896129     
   90.873896459421559     
   97.218415676303621     
   371.12130807702590     
   777.63369029866828     
   59.956968358723792     
   412.67338100089859     
   67884.942196647593     
   71247.962945974490     
   1850.4532983086963     
   645.47697445806682     
   42300.027593657978     
   46634.558409952617     
   2548.6118681854277     
   1057.9963360712511     
   26279.955260785049     
   31334.280836018563     
   3382.3206849873745     
   1599.1591031904320     
   16362.267624068032     
   22518.965379254536     
   3894.5732997954397     
   1714.8670005380375     
   10163.578480147915     
   16439.882065324658     
   3924.8313354858542     
   1412.7243454446059     
   6390.9716616578826     
   11366.659418931298     
   3415.3969652649967     
   1034.3733721423014     
   4026.5920025763926     
   7449.7613595992261     
   2544.7796901173483     
   726.94893512881367     
   2569.9445943548735     
   4806.8559643939807     
   1761.2451293659606     
   502.66278446872104     
   1675.4124947839287     
   3132.6247135256554     
   1191.1516725395029     
   344.63647485726619     
   1108.7401951260495     
   2064.3576060972587     
   803.14900712410133     
   233.12096249963443     
   733.42431917423630     
   1360.6227526133464     
   537.25273283690092     
   155.96117938153455     
   483.50343476921950     
   895.01208916644862     
   356.69781890068606     
   912.28964743090876     
   69134.238488671253     
   69166.310062936318     
   1090.3362793837648     
   2224.9048361660484     
   53700.426484425116     
   53236.057561547910     
   2353.4832808467340     
   3695.2470497810527     
   41721.979459672286     
   41778.908332367973     
   3496.3587178461557     
   4134.7945821542644     
   29519.504660540577     
   30641.367468809996     
   3842.7004697529765     
   3291.7742100957826     
   19372.651007642246     
   20261.628596462633     
   3429.8293249240223     
   2189.1532108710021     
   12303.566586040157     
   12520.770682266437     
   2642.9309626116110     
   1430.1242768763027     
   7756.3181376542943     
   7657.2680816859420     
   1856.5223900162839     
   960.86118731824558     
   4991.2863515671479     
   4791.2389093986985     
   1270.2622715019379     
   650.68246010020141     
   3288.6805304246582     
   3088.0404089846643     
   862.65914823993819     
   441.17721132396059     
   2195.0571155625553     
   2027.9557499179652     
   585.10598403496567     
   296.53248962921896     
   1460.3535379469686     
   1334.5494760462529     
   393.08107326518433     
   197.62536332580265     
   966.43666431475833     
   877.10392332930405     
   261.74481694137279     
   96.258090749358161     
   71661.387536554001     
   67684.729351254413     
   342.45581403920505     
   250.32743426184311     
   54446.816878979393     
   52972.198146877236     
   1110.2044636071166     
   389.60466807451979     
   38362.138162364288     
   44250.563303711104     
   2168.1027636521508     
   454.52976643973875     
   23922.662752271492     
   33903.051505595875     
   2778.6805398364736     
   428.39085126026163     
   13846.170215891771     
   22696.223829856066     
   2682.9894530966590     
   354.83169788294168     
   7892.6213260508821     
   13958.153766110379     
   2099.4290157181658     
   282.20842415805737     
   4630.5032231479299     
   8505.1690996101988     
   1445.9191938624988     
   215.94344892236975     
   2832.6423197882837     
   5334.7309921692067     
   965.05092420182359     
   157.89892309892755     
   1795.8266955159283     
   3449.9523184039595     
   642.09818352540879     
   112.27185549605147     
   1166.4096933307385     
   2271.6530202475042     
   429.41327188174313     
   77.767934525970716     
   762.36759721751582     
   1497.5165238367315     
   285.94717368530712     
   52.844721716746115     
   498.74454793853971     
   985.17598466764446     
   189.33065556548013     
   233.06292871923085     
   71441.888610147231     
   69177.967436167761     
   32.978903021516473     
   636.04280321746990     
   55101.921551809690     
   53195.410298885916     
   187.21515691661963     
   1018.8365564906973     
   39460.256896742969     
   41864.761141795512     
   558.34605701182841     
   1031.5478046364567     
   24841.041586257677     
   30692.153859105412     
   837.88593970928105     
   696.65571312214536     
   14376.266185767079     
   20262.724902397404     
   762.61324946557647     
   350.19985288667101     
   8171.6726051060532     
   12514.139361104262     
   521.64622382054495     
   150.56122850631553     
   4775.3067939429011     
   7671.2435285375223     
   319.39002489081292     
   62.196039569506972     
   2888.4311306561367     
   4826.4375566409581     
   192.36168007465290     
   28.257205982141869     
   1802.7948298718643     
   3123.5004674379616     
   117.84280422718011     
   16.384831086060530     
   1154.9110292982598     
   2056.3077111398088     
   74.410133993575386     
   11.583668855848778     
   747.55812924677593     
   1355.0986769277044     
   47.752181922318847     
   8.5080607651127043     
   485.88888999413598     
   891.20449974848430     
   30.871948563419092     
   27.469615518252272     
   71648.433837735007     
   71204.091546360229     
   37.329254500668540     
   51.871558872930684     
   47391.406526674764     
   46146.338767691494     
   44.597998035528882     
   115.70063515767673     
   31521.828011834677     
   31079.846838381047     
   76.049195900143957     
   185.90399472805157     
   19943.126726502571     
   21446.689025265758     
   193.17412655939418     
   190.29882992857770     
   11897.777676694539     
   14486.253573740687     
   354.93783169253879     
   152.28206195986073     
   6969.3824676484692     
   9422.5404747330667     
   412.56220853961804     
   133.78420109469710     
   4124.8132470645251     
   5992.9668247250356     
   374.89000481604177     
   117.85223051154198     
   2509.2459391672251     
   3829.4223764113422     
   307.03521541931292     
   93.964900764541795     
   1579.0438758205846     
   2492.2682040338204     
   234.65191708487623     
   70.143537959795324     
   1020.0073127656890     
   1645.0405668146498     
   171.18227115531090     
   49.968528307524274     
   664.32726129312834     
   1086.0702360276402     
   120.27733155086882     
   34.542844218340008     
   433.62576433727509     
   715.26161378443817     
   82.415562353902928     
   623.88147824703037     
   70631.794914741826     
   70593.335753696170     
   616.11685090983190     
   1064.2652717668013     
   50099.338447727809     
   49698.135257511130     
   1101.3224996987126     
   1157.9914552786054     
   36314.547406956095     
   35918.330575587104     
   1338.2582131552942     
   983.84677487412944     
   25289.269117513602     
   25331.894156176255     
   1283.3424001708513     
   843.45365339205387     
   16721.560712570070     
   16864.957990825911     
   1080.2672801572453     
   660.73364364191366     
   10727.722945552663     
   10734.452882136209     
   797.60061880887372     
   421.54317326803755     
   6823.2393111383808     
   6734.4404619350389     
   518.31060143623927     
   225.28368619244938     
   4407.6208612259652     
   4266.8551040685170     
   309.16004511343726     
   113.58087589834568     
   2914.8478020923826     
   2767.3708478693657     
   185.11802551502649     
   57.396700689990283     
   1951.8563118823577     
   1824.4341490987370     
   114.65691132646710     
   29.444074178912373     
   1301.6011428899997     
   1203.7388052623382     
   72.482294107358186     
   15.565955461381414     
   862.84474633996035     
   792.58056295809331     
   46.405759485066710     
   47.580355238670080     
   70675.870102282192     
   69052.805718773350     
   107.58673028791983     
   183.90964349062543     
   50939.246950250046     
   51774.141853658795     
   441.53126985235195     
   379.91620338910604     
   36576.525039134751     
   40538.212213471583     
   918.15785745308517     
   491.20801952721609     
   24580.264550788874     
   29686.860255080566     
   1183.8693998914105     
   455.55862206839225     
   15539.485547938479     
   19559.545430960636     
   1155.2742983366632     
   401.82205185246596     
   9555.2302737657428     
   12090.699967385957     
   949.33145204178743     
   375.67559954711334     
   5884.4417956029392     
   7429.4014161604891     
   706.83154509762210     
   324.40535761955806     
   3712.3047538630772     
   4676.9769008483845     
   509.59283365320812     
   254.67329868984456     
   2410.6343802449605     
   3030.8187296159695     
   357.49753922344166     
   188.93561304287843     
   1593.6273120259721     
   1999.2256414402398     
   247.30241377489830     
   134.36459540057652     
   1054.0531526503135     
   1319.7072384851394     
   168.26400499387327     
   92.866954350310550     
   695.08483572594787     
   869.07899705038312     
   112.96105695502180     
   28.219607277839788     
   70215.189978328883     
   69440.140626303502     
   30.644524088084072     
   91.841435270103588     
   48908.880454369915     
   48132.545527574446     
   173.14946273391465     
   173.15833021404256     
   34602.412688001321     
   35244.259084106030     
   460.36513246245397     
   245.86055041266519     
   23054.757200804048     
   24773.527823299584     
   685.12219220045233     
   284.16290205220486     
   14386.846368593926     
   15949.394125394259     
   697.16540852877290     
   282.95371855574842     
   8675.4201418952434     
   9736.5876359619851     
   563.77417981263523     
   254.71867504226913     
   5220.2771849716955     
   5958.0769064485003     
   401.13341845333986     
   207.77282120393875     
   3195.2584069510403     
   3755.5515466579909     
   273.89581626098652     
   158.08154490469258     
   2009.7755961193168     
   2438.6445301699555     
   185.17653296668115     
   115.31354380313380     
   1295.3038882681610     
   1611.3692937899084     
   125.50287374277190     
   81.204766923870565     
   842.22592475061413     
   1064.9290540882403     
   84.445047788162157     
   55.782343489433160     
   549.23681344071508     
   701.78013980658034     
   56.320912703026579     
   580.45684905322537     
   70493.463215850148     
   70929.692203036131     
   407.20380608974807     
   1089.7840490312615     
   47537.855765390690     
   47151.889002798234     
   778.34577020476672     
   1417.2016614533495     
   33113.162032497530     
   32135.213845327453     
   1025.7407509412942     
   1449.9432125617125     
   22226.163451122698     
   21648.641484662545     
   1116.8111302436453     
   1264.5195547144447     
   14066.463738155711     
   13975.500815708314     
   969.34403049474258     
   994.65628385933076     
   8589.7427001051565     
   8771.2039333817756     
   681.65486221576498     
   720.85329187792638     
   5195.4292815613780     
   5525.1808494500519     
   415.47150497770724     
   495.13193201625620     
   3171.8484992808512     
   3555.8211595569455     
   228.19469653393483     
   336.24105416300171     
   1984.6075064350111     
   2340.6859060789129     
   119.24095151625278     
   228.28723122962779     
   1273.1463601562398     
   1560.4465077677512     
   62.917591740260498     
   153.57224292795368     
   825.12969496469952     
   1037.2809377247813     
   34.458846707070414     
   102.41304210266490     
   536.93458477805132     
   686.19291169725113     
   19.685063738936940     
