           #Job_Name              Period        Period_Index  Polarization_Index Number_of_Iteration            Residual
             FORWARD        1.000000                       1                   1                   1       0.4590397    
             FORWARD        1.000000                       1                   1                   2       0.2345195    
             FORWARD        1.000000                       1                   1                   3       0.1324985    
             FORWARD        1.000000                       1                   1                   4       0.8240919E-01
             FORWARD        1.000000                       1                   1                   5       0.8937583E-01
             FORWARD        1.000000                       1                   1                   6       0.8265169E-01
             FORWARD        1.000000                       1                   1                   7       0.6398707E-01
             FORWARD        1.000000                       1                   1                   8       0.6307062E-01
             FORWARD        1.000000                       1                   1                   9       0.5225081E-01
             FORWARD        1.000000                       1                   1                  10       0.4184617E-01
             FORWARD        1.000000                       1                   1                  11       0.3687665E-01
             FORWARD        1.000000                       1                   1                  12       0.3833912E-01
             FORWARD        1.000000                       1                   1                  13       0.3571153E-01
             FORWARD        1.000000                       1                   1                  14       0.3786227E-01
             FORWARD        1.000000                       1                   1                  15       0.4142881E-01
             FORWARD        1.000000                       1                   1                  16       0.4078133E-01
             FORWARD        1.000000                       1                   1                  17       0.4183875E-01
             FORWARD        1.000000                       1                   1                  18       0.4372277E-01
             FORWARD        1.000000                       1                   1                  19       0.4495723E-01
             FORWARD        1.000000                       1                   1                  20       0.4368787E-01
             FORWARD        1.000000                       1                   1                  21       0.4170829E-01
             FORWARD        1.000000                       1                   1                  22       0.4219874E-01
             FORWARD        1.000000                       1                   1                  23       0.3654684E-01
             FORWARD        1.000000                       1                   1                  24       0.3588261E-01
             FORWARD        1.000000                       1                   1                  25       0.3536424E-01
             FORWARD        1.000000                       1                   1                  26       0.3749911E-01
             FORWARD        1.000000                       1                   1                  27       0.3780564E-01
             FORWARD        1.000000                       1                   1                  28       0.3731211E-01
             FORWARD        1.000000                       1                   1                  29       0.2840452E-01
             FORWARD        1.000000                       1                   1                  30       0.2452130E-01
             FORWARD        1.000000                       1                   1                  31       0.2432018E-01
             FORWARD        1.000000                       1                   1                  32       0.2593986E-01
             FORWARD        1.000000                       1                   1                  33       0.2812534E-01
             FORWARD        1.000000                       1                   1                  34       0.2791151E-01
             FORWARD        1.000000                       1                   1                  35       0.2443005E-01
             FORWARD        1.000000                       1                   1                  36       0.1955849E-01
             FORWARD        1.000000                       1                   1                  37       0.1803151E-01
             FORWARD        1.000000                       1                   1                  38       0.1839378E-01
             FORWARD        1.000000                       1                   1                  39       0.1933759E-01
             FORWARD        1.000000                       1                   1                  40       0.2100267E-01
             FORWARD        1.000000                       1                   1                  41       0.1969461E-01
             FORWARD        1.000000                       1                   1                  42       0.1296604E-01
             FORWARD        1.000000                       1                   1                  43       0.1121369E-01
             FORWARD        1.000000                       1                   1                  44       0.1111042E-01
             FORWARD        1.000000                       1                   1                  45       0.1026269E-01
             FORWARD        1.000000                       1                   1                  46       0.9166170E-02
             FORWARD        1.000000                       1                   1                  47       0.8885182E-02
             FORWARD        1.000000                       1                   1                  48       0.9225741E-02
             FORWARD        1.000000                       1                   1                  49       0.9003860E-02
             FORWARD        1.000000                       1                   1                  50       0.8744186E-02
             FORWARD        1.000000                       1                   1                  51       0.8066064E-02
             FORWARD        1.000000                       1                   1                  52       0.8390964E-02
             FORWARD        1.000000                       1                   1                  53       0.7664441E-02
             FORWARD        1.000000                       1                   1                  54       0.7308900E-02
             FORWARD        1.000000                       1                   1                  55       0.7178440E-02
             FORWARD        1.000000                       1                   1                  56       0.7126497E-02
             FORWARD        1.000000                       1                   1                  57       0.7554308E-02
             FORWARD        1.000000                       1                   1                  58       0.6709057E-02
             FORWARD        1.000000                       1                   1                  59       0.6186232E-02
             FORWARD        1.000000                       1                   1                  60       0.6386194E-02
             FORWARD        1.000000                       1                   1                  61       0.7075369E-02
             FORWARD        1.000000                       1                   1                  62       0.6099264E-02
             FORWARD        1.000000                       1                   1                  63       0.5614572E-02
             FORWARD        1.000000                       1                   1                  64       0.5880354E-02
             FORWARD        1.000000                       1                   1                  65       0.6194506E-02
             FORWARD        1.000000                       1                   1                  66       0.6276608E-02
             FORWARD        1.000000                       1                   1                  67       0.6445338E-02
             FORWARD        1.000000                       1                   1                  68       0.6288791E-02
             FORWARD        1.000000                       1                   1                  69       0.6405220E-02
             FORWARD        1.000000                       1                   1                  70       0.6337548E-02
             FORWARD        1.000000                       1                   1                  71       0.6062535E-02
             FORWARD        1.000000                       1                   1                  72       0.5930251E-02
             FORWARD        1.000000                       1                   1                  73       0.5860764E-02
             FORWARD        1.000000                       1                   1                  74       0.5844174E-02
             FORWARD        1.000000                       1                   1                  75       0.5728311E-02
             FORWARD        1.000000                       1                   1                  76       0.5789603E-02
             FORWARD        1.000000                       1                   1                  77       0.5682376E-02
             FORWARD        1.000000                       1                   1                  78       0.5733161E-02
             FORWARD        1.000000                       1                   1                  79       0.5533816E-02
             FORWARD        1.000000                       1                   1                  80       0.5096743E-02
             FORWARD        1.000000                       1                   1                  81       0.5443705E-02
             FORWARD        1.000000                       1                   1                  82       0.3979842E-02
             FORWARD        1.000000                       1                   1                  83       0.3534111E-02
             FORWARD        1.000000                       1                   1                  84       0.3491178E-02
             FORWARD        1.000000                       1                   1                  85       0.3503152E-02
             FORWARD        1.000000                       1                   1                  86       0.3473921E-02
             FORWARD        1.000000                       1                   1                  87       0.3423643E-02
             FORWARD        1.000000                       1                   1                  88       0.3012956E-02
             FORWARD        1.000000                       1                   1                  89       0.2902519E-02
             FORWARD        1.000000                       1                   1                  90       0.2767322E-02
             FORWARD        1.000000                       1                   1                  91       0.2731765E-02
             FORWARD        1.000000                       1                   1                  92       0.2696111E-02
             FORWARD        1.000000                       1                   1                  93       0.2653347E-02
             FORWARD        1.000000                       1                   1                  94       0.2664968E-02
             FORWARD        1.000000                       1                   1                  95       0.2659069E-02
             FORWARD        1.000000                       1                   1                  96       0.2660904E-02
             FORWARD        1.000000                       1                   1                  97       0.2628617E-02
             FORWARD        1.000000                       1                   1                  98       0.2577849E-02
             FORWARD        1.000000                       1                   1                  99       0.2561025E-02
             FORWARD        1.000000                       1                   1                 100       0.2360760E-02
             FORWARD        1.000000                       1                   1                 101       0.2264394E-02
             FORWARD        1.000000                       1                   1                 102       0.2279298E-02
             FORWARD        1.000000                       1                   1                 103       0.2168067E-02
             FORWARD        1.000000                       1                   1                 104       0.2157992E-02
             FORWARD        1.000000                       1                   1                 105       0.2007878E-02
             FORWARD        1.000000                       1                   1                 106       0.1986799E-02
             FORWARD        1.000000                       1                   1                 107       0.1877310E-02
             FORWARD        1.000000                       1                   1                 108       0.1775376E-02
             FORWARD        1.000000                       1                   1                 109       0.1770701E-02
             FORWARD        1.000000                       1                   1                 110       0.1733044E-02
             FORWARD        1.000000                       1                   1                 111       0.1731560E-02
             FORWARD        1.000000                       1                   1                 112       0.1727256E-02
             FORWARD        1.000000                       1                   1                 113       0.1638102E-02
             FORWARD        1.000000                       1                   1                 114       0.1572880E-02
             FORWARD        1.000000                       1                   1                 115       0.1487006E-02
             FORWARD        1.000000                       1                   1                 116       0.1490982E-02
             FORWARD        1.000000                       1                   1                 117       0.1428892E-02
             FORWARD        1.000000                       1                   1                 118       0.1443401E-02
             FORWARD        1.000000                       1                   1                 119       0.1340586E-02
             FORWARD        1.000000                       1                   1                 120       0.1115514E-02
             FORWARD        1.000000                       1                   1                 121       0.1178366E-02
             FORWARD        1.000000                       1                   1                 122       0.9431433E-03
             FORWARD        1.000000                       1                   1                 123       0.8778458E-03
             FORWARD        1.000000                       1                   1                 124       0.8633886E-03
             FORWARD        1.000000                       1                   1                 125       0.8691654E-03
             FORWARD        1.000000                       1                   1                 126       0.8603066E-03
             FORWARD        1.000000                       1                   1                 127       0.8566504E-03
             FORWARD        1.000000                       1                   1                 128       0.8145307E-03
             FORWARD        1.000000                       1                   1                 129       0.8073992E-03
             FORWARD        1.000000                       1                   1                 130       0.7784716E-03
             FORWARD        1.000000                       1                   1                 131       0.7704422E-03
             FORWARD        1.000000                       1                   1                 132       0.7664418E-03
             FORWARD        1.000000                       1                   1                 133       0.7416294E-03
             FORWARD        1.000000                       1                   1                 134       0.7404276E-03
             FORWARD        1.000000                       1                   1                 135       0.7398335E-03
             FORWARD        1.000000                       1                   1                 136       0.7396555E-03
             FORWARD        1.000000                       1                   1                 137       0.7120979E-03
             FORWARD        1.000000                       1                   1                 138       0.6646936E-03
             FORWARD        1.000000                       1                   1                 139       0.6405951E-03
             FORWARD        1.000000                       1                   1                 140       0.5898019E-03
             FORWARD        1.000000                       1                   1                 141       0.5223017E-03
             FORWARD        1.000000                       1                   1                 142       0.4849106E-03
             FORWARD        1.000000                       1                   1                 143       0.4835645E-03
             FORWARD        1.000000                       1                   1                 144       0.4823945E-03
             FORWARD        1.000000                       1                   1                 145       0.4785203E-03
             FORWARD        1.000000                       1                   1                 146       0.4695507E-03
             FORWARD        1.000000                       1                   1                 147       0.4612341E-03
             FORWARD        1.000000                       1                   1                 148       0.4574921E-03
             FORWARD        1.000000                       1                   1                 149       0.4545580E-03
             FORWARD        1.000000                       1                   1                 150       0.4539497E-03
             FORWARD        1.000000                       1                   1                 151       0.4521007E-03
             FORWARD        1.000000                       1                   1                 152       0.4258988E-03
             FORWARD        1.000000                       1                   1                 153       0.4205433E-03
             FORWARD        1.000000                       1                   1                 154       0.3707227E-03
             FORWARD        1.000000                       1                   1                 155       0.3671271E-03
             FORWARD        1.000000                       1                   1                 156       0.3670112E-03
             FORWARD        1.000000                       1                   1                 157       0.3619218E-03
             FORWARD        1.000000                       1                   1                 158       0.3562205E-03
             FORWARD        1.000000                       1                   1                 159       0.3441174E-03
             FORWARD        1.000000                       1                   1                 160       0.3392432E-03
             FORWARD        1.000000                       1                   1                 161       0.3402113E-03
             FORWARD        1.000000                       1                   1                 162       0.3176378E-03
             FORWARD        1.000000                       1                   1                 163       0.3076475E-03
             FORWARD        1.000000                       1                   1                 164       0.3041815E-03
             FORWARD        1.000000                       1                   1                 165       0.3027055E-03
             FORWARD        1.000000                       1                   1                 166       0.2965753E-03
             FORWARD        1.000000                       1                   1                 167       0.2879015E-03
             FORWARD        1.000000                       1                   1                 168       0.2849426E-03
             FORWARD        1.000000                       1                   1                 169       0.2834745E-03
             FORWARD        1.000000                       1                   1                 170       0.2767238E-03
             FORWARD        1.000000                       1                   1                 171       0.2766481E-03
             FORWARD        1.000000                       1                   1                 172       0.2631467E-03
             FORWARD        1.000000                       1                   1                 173       0.2590563E-03
             FORWARD        1.000000                       1                   1                 174       0.2584385E-03
             FORWARD        1.000000                       1                   1                 175       0.2553303E-03
             FORWARD        1.000000                       1                   1                 176       0.2471279E-03
             FORWARD        1.000000                       1                   1                 177       0.2383207E-03
             FORWARD        1.000000                       1                   1                 178       0.2105874E-03
             FORWARD        1.000000                       1                   1                 179       0.2085222E-03
             FORWARD        1.000000                       1                   1                 180       0.1975199E-03
             FORWARD        1.000000                       1                   1                 181       0.1631787E-03
             FORWARD        1.000000                       1                   1                 182       0.1429151E-03
             FORWARD        1.000000                       1                   1                 183       0.1428589E-03
             FORWARD        1.000000                       1                   1                 184       0.1426634E-03
             FORWARD        1.000000                       1                   1                 185       0.1430442E-03
             FORWARD        1.000000                       1                   1                 186       0.1420201E-03
             FORWARD        1.000000                       1                   1                 187       0.1397058E-03
             FORWARD        1.000000                       1                   1                 188       0.1387406E-03
             FORWARD        1.000000                       1                   1                 189       0.1367128E-03
             FORWARD        1.000000                       1                   1                 190       0.1329381E-03
             FORWARD        1.000000                       1                   1                 191       0.1322748E-03
             FORWARD        1.000000                       1                   1                 192       0.1282418E-03
             FORWARD        1.000000                       1                   1                 193       0.1255554E-03
             FORWARD        1.000000                       1                   1                 194       0.1234771E-03
             FORWARD        1.000000                       1                   1                 195       0.1234209E-03
             FORWARD        1.000000                       1                   1                 196       0.1228981E-03
             FORWARD        1.000000                       1                   1                 197       0.1193644E-03
             FORWARD        1.000000                       1                   1                 198       0.1142305E-03
             FORWARD        1.000000                       1                   1                 199       0.1103648E-03
             FORWARD        1.000000                       1                   1                 200       0.1101254E-03
             FORWARD        1.000000                       1                   1                 201       0.1109158E-03
             FORWARD        1.000000                       1                   1                 202       0.1056912E-03
             FORWARD        1.000000                       1                   1                 203       0.1028317E-03
             FORWARD        1.000000                       1                   1                 204       0.1016284E-03
             FORWARD        1.000000                       1                   1                 205       0.1007260E-03
             FORWARD        1.000000                       1                   1                 206       0.9846270E-04
             FORWARD        1.000000                       1                   1                 207       0.9544224E-04
             FORWARD        1.000000                       1                   1                 208       0.9355727E-04
             FORWARD        1.000000                       1                   1                 209       0.9341567E-04
             FORWARD        1.000000                       1                   1                 210       0.9026336E-04
             FORWARD        1.000000                       1                   1                 211       0.8824173E-04
             FORWARD        1.000000                       1                   1                 212       0.8455145E-04
             FORWARD        1.000000                       1                   1                 213       0.8286470E-04
             FORWARD        1.000000                       1                   1                 214       0.8205739E-04
             FORWARD        1.000000                       1                   1                 215       0.8200759E-04
             FORWARD        1.000000                       1                   1                 216       0.8074399E-04
             FORWARD        1.000000                       1                   1                 217       0.7789663E-04
             FORWARD        1.000000                       1                   1                 218       0.6952455E-04
             FORWARD        1.000000                       1                   1                 219       0.6550777E-04
             FORWARD        1.000000                       1                   1                 220       0.5249865E-04
             FORWARD        1.000000                       1                   1                 221       0.4633072E-04
             FORWARD        1.000000                       1                   1                 222       0.4593847E-04
             FORWARD        1.000000                       1                   1                 223       0.4244435E-04
             FORWARD        1.000000                       1                   1                 224       0.4199284E-04
             FORWARD        1.000000                       1                   1                 225       0.4198408E-04
             FORWARD        1.000000                       1                   1                 226       0.4204719E-04
             FORWARD        1.000000                       1                   1                 227       0.4204588E-04
             FORWARD        1.000000                       1                   1                 228       0.4175282E-04
             FORWARD        1.000000                       1                   1                 229       0.4162347E-04
             FORWARD        1.000000                       1                   1                 230       0.4019411E-04
             FORWARD        1.000000                       1                   1                 231       0.3966446E-04
             FORWARD        1.000000                       1                   1                 232       0.3947709E-04
             FORWARD        1.000000                       1                   1                 233       0.3942862E-04
             FORWARD        1.000000                       1                   1                 234       0.3805958E-04
             FORWARD        1.000000                       1                   1                 235       0.3791139E-04
             FORWARD        1.000000                       1                   1                 236       0.3743245E-04
             FORWARD        1.000000                       1                   1                 237       0.3683641E-04
             FORWARD        1.000000                       1                   1                 238       0.3353558E-04
             FORWARD        1.000000                       1                   1                 239       0.2939045E-04
             FORWARD        1.000000                       1                   1                 240       0.2511672E-04
             FORWARD        1.000000                       1                   1                 241       0.2497330E-04
             FORWARD        1.000000                       1                   1                 242       0.2407050E-04
             FORWARD        1.000000                       1                   1                 243       0.2350460E-04
             FORWARD        1.000000                       1                   1                 244       0.2318225E-04
             FORWARD        1.000000                       1                   1                 245       0.2300924E-04
             FORWARD        1.000000                       1                   1                 246       0.2273574E-04
             FORWARD        1.000000                       1                   1                 247       0.2209064E-04
             FORWARD        1.000000                       1                   1                 248       0.2147706E-04
             FORWARD        1.000000                       1                   1                 249       0.2138456E-04
             FORWARD        1.000000                       1                   1                 250       0.2015855E-04
             FORWARD        1.000000                       1                   1                 251       0.1968447E-04
             FORWARD        1.000000                       1                   1                 252       0.1920568E-04
             FORWARD        1.000000                       1                   1                 253       0.1878637E-04
             FORWARD        1.000000                       1                   1                 254       0.1861852E-04
             FORWARD        1.000000                       1                   1                 255       0.1854910E-04
             FORWARD        1.000000                       1                   1                 256       0.1823870E-04
             FORWARD        1.000000                       1                   1                 257       0.1805886E-04
             FORWARD        1.000000                       1                   1                 258       0.1586625E-04
             FORWARD        1.000000                       1                   1                 259       0.1513530E-04
             FORWARD        1.000000                       1                   1                 260       0.1503536E-04
             FORWARD        1.000000                       1                   1                 261       0.1435539E-04
             FORWARD        1.000000                       1                   1                 262       0.1266819E-04
             FORWARD        1.000000                       1                   1                 263       0.1265811E-04
             FORWARD        1.000000                       1                   1                 264       0.1249262E-04
             FORWARD        1.000000                       1                   1                 265       0.1228654E-04
             FORWARD        1.000000                       1                   1                 266       0.1158743E-04
             FORWARD        1.000000                       1                   1                 267       0.1143553E-04
             FORWARD        1.000000                       1                   1                 268       0.1083944E-04
             FORWARD        1.000000                       1                   1                 269       0.1076300E-04
             FORWARD        1.000000                       1                   1                 270       0.9728045E-05
             FORWARD        1.000000                       1                   1                 271       0.9654766E-05
             FORWARD        1.000000                       1                   1                 272       0.7003975E-05
             FORWARD        1.000000                       1                   1                 273       0.5122596E-05
             FORWARD        1.000000                       1                   1                 274       0.4684943E-05
             FORWARD        1.000000                       1                   1                 275       0.4400125E-05
             FORWARD        1.000000                       1                   1                 276       0.4365440E-05
             FORWARD        1.000000                       1                   1                 277       0.4372468E-05
             FORWARD        1.000000                       1                   1                 278       0.4346070E-05
             FORWARD        1.000000                       1                   1                 279       0.4312085E-05
             FORWARD        1.000000                       1                   1                 280       0.4276774E-05
             FORWARD        1.000000                       1                   1                 281       0.4294581E-05
             FORWARD        1.000000                       1                   1                 282       0.4028855E-05
             FORWARD        1.000000                       1                   1                 283       0.3852982E-05
             FORWARD        1.000000                       1                   1                 284       0.3747923E-05
             FORWARD        1.000000                       1                   1                 285       0.3576365E-05
             FORWARD        1.000000                       1                   1                 286       0.3372315E-05
             FORWARD        1.000000                       1                   1                 287       0.3336023E-05
             FORWARD        1.000000                       1                   1                 288       0.3343367E-05
             FORWARD        1.000000                       1                   1                 289       0.3323611E-05
             FORWARD        1.000000                       1                   1                 290       0.3267820E-05
             FORWARD        1.000000                       1                   1                 291       0.3242126E-05
             FORWARD        1.000000                       1                   1                 292       0.3135683E-05
             FORWARD        1.000000                       1                   1                 293       0.3099295E-05
             FORWARD        1.000000                       1                   1                 294       0.3016565E-05
             FORWARD        1.000000                       1                   1                 295       0.2988203E-05
             FORWARD        1.000000                       1                   1                 296       0.2933158E-05
             FORWARD        1.000000                       1                   1                 297       0.2790828E-05
             FORWARD        1.000000                       1                   1                 298       0.2616425E-05
             FORWARD        1.000000                       1                   1                 299       0.2425238E-05
             FORWARD        1.000000                       1                   1                 300       0.2313988E-05
             FORWARD        1.000000                       1                   1                 301       0.2150141E-05
             FORWARD        1.000000                       1                   1                 302       0.2146671E-05
             FORWARD        1.000000                       1                   1                 303       0.2136640E-05
             FORWARD        1.000000                       1                   1                 304       0.2114497E-05
             FORWARD        1.000000                       1                   1                 305       0.2098078E-05
             FORWARD        1.000000                       1                   1                 306       0.2081056E-05
             FORWARD        1.000000                       1                   1                 307       0.2054942E-05
             FORWARD        1.000000                       1                   1                 308       0.2021800E-05
             FORWARD        1.000000                       1                   1                 309       0.1918523E-05
             FORWARD        1.000000                       1                   1                 310       0.1754876E-05
             FORWARD        1.000000                       1                   1                 311       0.1473885E-05
             FORWARD        1.000000                       1                   1                 312       0.1473392E-05
             FORWARD        1.000000                       1                   1                 313       0.1467745E-05
             FORWARD        1.000000                       1                   1                 314       0.1416887E-05
             FORWARD        1.000000                       1                   1                 315       0.1313328E-05
             FORWARD        1.000000                       1                   1                 316       0.1154495E-05
             FORWARD        1.000000                       1                   1                 317       0.1111524E-05
             FORWARD        1.000000                       1                   1                 318       0.1044488E-05
             FORWARD        1.000000                       1                   1                 319       0.1042957E-05
             FORWARD        1.000000                       1                   1                 320       0.9534139E-06
             FORWARD        1.000000                       1                   1                 321       0.9644124E-06
             FORWARD        1.000000                       1                   1                 322       0.9160890E-06
             FORWARD        1.000000                       1                   1                 323       0.8961039E-06
             FORWARD        1.000000                       1                   1                 324       0.8889382E-06
             FORWARD        1.000000                       1                   1                 325       0.8868993E-06
             FORWARD        1.000000                       1                   1                 326       0.8789315E-06
             FORWARD        1.000000                       1                   1                 327       0.8491760E-06
             FORWARD        1.000000                       1                   1                 328       0.8356105E-06
             FORWARD        1.000000                       1                   1                 329       0.8177636E-06
             FORWARD        1.000000                       1                   1                 330       0.8138479E-06
             FORWARD        1.000000                       1                   1                 331       0.7987289E-06
             FORWARD        1.000000                       1                   1                 332       0.7734380E-06
             FORWARD        1.000000                       1                   1                 333       0.7385672E-06
             FORWARD        1.000000                       1                   1                 334       0.7141128E-06
             FORWARD        1.000000                       1                   1                 335       0.7053214E-06
             FORWARD        1.000000                       1                   1                 336       0.6993362E-06
             FORWARD        1.000000                       1                   1                 337       0.6903422E-06
             FORWARD        1.000000                       1                   1                 338       0.6663440E-06
             FORWARD        1.000000                       1                   1                 339       0.6229198E-06
             FORWARD        1.000000                       1                   1                 340       0.5768832E-06
             FORWARD        1.000000                       1                   1                 341       0.5438609E-06
             FORWARD        1.000000                       1                   1                 342       0.5193824E-06
             FORWARD        1.000000                       1                   1                 343       0.4992559E-06
             FORWARD        1.000000                       1                   1                 344       0.4811883E-06
             FORWARD        1.000000                       1                   1                 345       0.4626793E-06
             FORWARD        1.000000                       1                   1                 346       0.4544210E-06
             FORWARD        1.000000                       1                   1                 347       0.4397709E-06
             FORWARD        1.000000                       1                   1                 348       0.4155824E-06
             FORWARD        1.000000                       1                   1                 349       0.3678372E-06
             FORWARD        1.000000                       1                   1                 350       0.2887552E-06
             FORWARD        1.000000                       1                   1                 351       0.2644213E-06
             FORWARD        1.000000                       1                   1                 352       0.2580992E-06
             FORWARD        1.000000                       1                   1                 353       0.2538821E-06
             FORWARD        1.000000                       1                   1                 354       0.2535597E-06
             FORWARD        1.000000                       1                   1                 355       0.2544828E-06
             FORWARD        1.000000                       1                   1                 356       0.2549653E-06
             FORWARD        1.000000                       1                   1                 357       0.2552044E-06
             FORWARD        1.000000                       1                   1                 358       0.2554931E-06
             FORWARD        1.000000                       1                   1                 359       0.2532174E-06
             FORWARD        1.000000                       1                   1                 360       0.2371604E-06
             FORWARD        1.000000                       1                   1                 361       0.2369361E-06
             FORWARD        1.000000                       1                   1                 362       0.2234914E-06
             FORWARD        1.000000                       1                   1                 363       0.2170457E-06
             FORWARD        1.000000                       1                   1                 364       0.2142029E-06
             FORWARD        1.000000                       1                   1                 365       0.2111574E-06
             FORWARD        1.000000                       1                   1                 366       0.2077236E-06
             FORWARD        1.000000                       1                   1                 367       0.1988797E-06
             FORWARD        1.000000                       1                   1                 368       0.1953861E-06
             FORWARD        1.000000                       1                   1                 369       0.1908479E-06
             FORWARD        1.000000                       1                   1                 370       0.1863708E-06
             FORWARD        1.000000                       1                   1                 371       0.1814960E-06
             FORWARD        1.000000                       1                   1                 372       0.1789766E-06
             FORWARD        1.000000                       1                   1                 373       0.1753382E-06
             FORWARD        1.000000                       1                   1                 374       0.1710592E-06
             FORWARD        1.000000                       1                   1                 375       0.1688173E-06
             FORWARD        1.000000                       1                   1                 376       0.1684708E-06
             FORWARD        1.000000                       1                   1                 377       0.1630918E-06
             FORWARD        1.000000                       1                   1                 378       0.1491479E-06
             FORWARD        1.000000                       1                   1                 379       0.1474666E-06
             FORWARD        1.000000                       1                   1                 380       0.1404790E-06
             FORWARD        1.000000                       1                   1                 381       0.1361935E-06
             FORWARD        1.000000                       1                   1                 382       0.1333783E-06
             FORWARD        1.000000                       1                   1                 383       0.1313035E-06
             FORWARD        1.000000                       1                   1                 384       0.1253666E-06
             FORWARD        1.000000                       1                   1                 385       0.1218809E-06
             FORWARD        1.000000                       1                   1                 386       0.1214955E-06
             FORWARD        1.000000                       1                   1                 387       0.1189488E-06
             FORWARD        1.000000                       1                   1                 388       0.1172990E-06
             FORWARD        1.000000                       1                   1                 389       0.1137206E-06
             FORWARD        1.000000                       1                   1                 390       0.1040685E-06
             FORWARD        1.000000                       1                   1                 391       0.9482314E-07
             FORWARD        1.000000                       1                   1                 392       0.9426688E-07
             FORWARD        1.000000                       1                   1                 393       0.9313417E-07
             FORWARD        1.000000                       1                   1                 394       0.9160966E-07
             FORWARD        1.000000                       1                   1                 395       0.8386520E-07
             FORWARD        1.000000                       1                   1                 396       0.8146406E-07
             FORWARD        1.000000                       1                   1                 397       0.7828093E-07
             FORWARD        1.000000                       1                   1                 398       0.7523840E-07
             FORWARD        1.000000                       1                   1                 399       0.6789007E-07
             FORWARD        1.000000                       1                   1                 400       0.6423987E-07
             FORWARD        1.000000                       1                   1                 401       0.6420602E-07
             FORWARD        1.000000                       1                   1                 402       0.5968785E-07
             FORWARD        1.000000                       1                   1                 403       0.5797655E-07
             FORWARD        1.000000                       1                   1                 404       0.5721563E-07
             FORWARD        1.000000                       1                   1                 405       0.5697586E-07
             FORWARD        1.000000                       1                   1                 406       0.5672064E-07
             FORWARD        1.000000                       1                   1                 407       0.5556410E-07
             FORWARD        1.000000                       1                   1                 408       0.5379088E-07
             FORWARD        1.000000                       1                   1                 409       0.5364710E-07
             FORWARD        1.000000                       1                   1                 410       0.5252967E-07
             FORWARD        1.000000                       1                   1                 411       0.5227658E-07
             FORWARD        1.000000                       1                   1                 412       0.5198980E-07
             FORWARD        1.000000                       1                   1                 413       0.5011302E-07
             FORWARD        1.000000                       1                   1                 414       0.4714452E-07
             FORWARD        1.000000                       1                   1                 415       0.4460478E-07
             FORWARD        1.000000                       1                   1                 416       0.4372005E-07
             FORWARD        1.000000                       1                   1                 417       0.4194111E-07
             FORWARD        1.000000                       1                   1                 418       0.4012170E-07
             FORWARD        1.000000                       1                   1                 419       0.3529812E-07
             FORWARD        1.000000                       1                   1                 420       0.3483886E-07
             FORWARD        1.000000                       1                   1                 421       0.2775229E-07
             FORWARD        1.000000                       1                   1                 422       0.2680491E-07
             FORWARD        1.000000                       1                   1                 423       0.2678585E-07
             FORWARD        1.000000                       1                   1                 424       0.2679397E-07
             FORWARD        1.000000                       1                   1                 425       0.2667489E-07
             FORWARD        1.000000                       1                   1                 426       0.2471316E-07
             FORWARD        1.000000                       1                   1                 427       0.2470844E-07
             FORWARD        1.000000                       1                   1                 428       0.2469244E-07
             FORWARD        1.000000                       1                   1                 429       0.2403965E-07
             FORWARD        1.000000                       1                   1                 430       0.2358390E-07
             FORWARD        1.000000                       1                   1                 431       0.2202385E-07
             FORWARD        1.000000                       1                   1                 432       0.2056458E-07
             FORWARD        1.000000                       1                   1                 433       0.2018260E-07
             FORWARD        1.000000                       1                   1                 434       0.1741074E-07
             FORWARD        1.000000                       1                   1                 435       0.1697619E-07
             FORWARD        1.000000                       1                   1                 436       0.1693542E-07
             FORWARD        1.000000                       1                   1                 437       0.1475684E-07
             FORWARD        1.000000                       1                   1                 438       0.1315876E-07
             FORWARD        1.000000                       1                   1                 439       0.1112344E-07
             FORWARD        1.000000                       1                   1                 440       0.1001380E-07
             FORWARD        1.000000                       1                   1                 441       0.9870934E-08
             FORWARD        1.000000                       1                   1                 442       0.9227797E-08
             FORWARD        1.000000                       1                   1                 443       0.8930112E-08
             FORWARD        1.000000                       1                   1                 444       0.8822404E-08
             FORWARD        1.000000                       1                   1                 445       0.8770586E-08
             FORWARD        1.000000                       1                   1                 446       0.8631493E-08
             FORWARD        1.000000                       1                   1                 447       0.8235316E-08
             FORWARD        1.000000                       1                   1                 448       0.7970139E-08
             FORWARD        1.000000                       1                   1                 449       0.7724077E-08
             FORWARD        1.000000                       1                   1                 450       0.7694222E-08
             FORWARD        1.000000                       1                   1                 451       0.7574816E-08
             FORWARD        1.000000                       1                   1                 452       0.7496907E-08
             FORWARD        1.000000                       1                   1                 453       0.7408854E-08
             FORWARD        1.000000                       1                   1                 454       0.7153843E-08
             FORWARD        1.000000                       1                   1                 455       0.7077391E-08
             FORWARD        1.000000                       1                   1                 456       0.7059074E-08
             FORWARD        1.000000                       1                   1                 457       0.7035455E-08
             FORWARD        1.000000                       1                   1                 458       0.6782963E-08
             FORWARD        1.000000                       1                   1                 459       0.6595219E-08
             FORWARD        1.000000                       1                   1                 460       0.5965186E-08
             FORWARD        1.000000                       1                   1                 461       0.5778528E-08
             FORWARD        1.000000                       1                   1                 462       0.5462620E-08
             FORWARD        1.000000                       1                   1                 463       0.5278620E-08
             FORWARD        1.000000                       1                   1                 464       0.5196297E-08
             FORWARD        1.000000                       1                   1                 465       0.5193388E-08
             FORWARD        1.000000                       1                   1                 466       0.5027832E-08
             FORWARD        1.000000                       1                   1                 467       0.4920245E-08
             FORWARD        1.000000                       1                   1                 468       0.4366381E-08
             FORWARD        1.000000                       1                   1                 469       0.3867435E-08
             FORWARD        1.000000                       1                   1                 470       0.3504512E-08
             FORWARD        1.000000                       1                   1                 471       0.3235478E-08
             FORWARD        1.000000                       1                   1                 472       0.3177906E-08
             FORWARD        1.000000                       1                   1                 473       0.3158339E-08
             FORWARD        1.000000                       1                   1                 474       0.3119574E-08
             FORWARD        1.000000                       1                   1                 475       0.3121719E-08
             FORWARD        1.000000                       1                   1                 476       0.3130614E-08
             FORWARD        1.000000                       1                   1                 477       0.3138017E-08
             FORWARD        1.000000                       1                   1                 478       0.3148796E-08
             FORWARD        1.000000                       1                   1                 479       0.3144504E-08
             FORWARD        1.000000                       1                   1                 480       0.2951182E-08
             FORWARD        1.000000                       1                   1                 481       0.2949527E-08
             FORWARD        1.000000                       1                   1                 482       0.2646539E-08
             FORWARD        1.000000                       1                   1                 483       0.2529588E-08
             FORWARD        1.000000                       1                   1                 484       0.2480728E-08
             FORWARD        1.000000                       1                   1                 485       0.2407723E-08
             FORWARD        1.000000                       1                   1                 486       0.2326752E-08
             FORWARD        1.000000                       1                   1                 487       0.2223604E-08
             FORWARD        1.000000                       1                   1                 488       0.2100033E-08
             FORWARD        1.000000                       1                   1                 489       0.2084807E-08
             FORWARD        1.000000                       1                   1                 490       0.2004879E-08
             FORWARD        1.000000                       1                   1                 491       0.1944981E-08
             FORWARD        1.000000                       1                   1                 492       0.1908188E-08
             FORWARD        1.000000                       1                   1                 493       0.1869884E-08
             FORWARD        1.000000                       1                   1                 494       0.1832254E-08
             FORWARD        1.000000                       1                   1                 495       0.1820640E-08
             FORWARD        1.000000                       1                   1                 496       0.1796492E-08
             FORWARD        1.000000                       1                   1                 497       0.1777589E-08
             FORWARD        1.000000                       1                   1                 498       0.1638846E-08
             FORWARD        1.000000                       1                   1                 499       0.1578944E-08
             FORWARD        1.000000                       1                   1                 500       0.1389405E-08
             FORWARD        1.000000                       1                   1                 501       0.1301586E-08
             FORWARD        1.000000                       1                   1                 502       0.1260199E-08
             FORWARD        1.000000                       1                   1                 503       0.1266723E-08
             FORWARD        1.000000                       1                   1                 504       0.1266107E-08
             FORWARD        1.000000                       1                   1                 505       0.1269214E-08
             FORWARD        1.000000                       1                   1                 506       0.1265620E-08
             FORWARD        1.000000                       1                   1                 507       0.1253031E-08
             FORWARD        1.000000                       1                   1                 508       0.1216468E-08
             FORWARD        1.000000                       1                   1                 509       0.1195434E-08
             FORWARD        1.000000                       1                   1                 510       0.1116302E-08
             FORWARD        1.000000                       1                   1                 511       0.1102373E-08
             FORWARD        1.000000                       1                   1                 512       0.1104038E-08
             FORWARD        1.000000                       1                   1                 513       0.1092087E-08
             FORWARD        1.000000                       1                   1                 514       0.1073891E-08
             FORWARD        1.000000                       1                   1                 515       0.1061425E-08
             FORWARD        1.000000                       1                   1                 516       0.1052877E-08
             FORWARD        1.000000                       1                   1                 517       0.1040416E-08
             FORWARD        1.000000                       1                   1                 518       0.1039977E-08
             FORWARD        1.000000                       1                   1                 519       0.1039030E-08
             FORWARD        1.000000                       1                   1                 520       0.1036469E-08
             FORWARD        1.000000                       1                   1                 521       0.1040441E-08
             FORWARD        1.000000                       1                   1                 522       0.9895722E-09
             FORWARD        1.000000                       1                   1                 523       0.9493821E-09
             FORWARD        1.000000                       1                   1                 524       0.9310425E-09
             FORWARD        1.000000                       1                   1                 525       0.9136267E-09
             FORWARD        1.000000                       1                   1                 526       0.8811361E-09
             FORWARD        1.000000                       1                   1                 527       0.8630594E-09
             FORWARD        1.000000                       1                   1                 528       0.8624599E-09
             FORWARD        1.000000                       1                   1                 529       0.8542924E-09
             FORWARD        1.000000                       1                   1                 530       0.8532277E-09
             FORWARD        1.000000                       1                   1                 531       0.8215931E-09
             FORWARD        1.000000                       1                   1                 532       0.7998685E-09
             FORWARD        1.000000                       1                   1                 533       0.7825189E-09
             FORWARD        1.000000                       1                   1                 534       0.7696509E-09
             FORWARD        1.000000                       1                   1                 535       0.7667865E-09
             FORWARD        1.000000                       1                   1                 536       0.7580763E-09
             FORWARD        1.000000                       1                   1                 537       0.7227544E-09
             FORWARD        1.000000                       1                   1                 538       0.6988286E-09
             FORWARD        1.000000                       1                   1                 539       0.6644034E-09
             FORWARD        1.000000                       1                   1                 540       0.6207334E-09
             FORWARD        1.000000                       1                   1                 541       0.6087223E-09
             FORWARD        1.000000                       1                   1                 542       0.6090823E-09
             FORWARD        1.000000                       1                   1                 543       0.6017349E-09
             FORWARD        1.000000                       1                   1                 544       0.6010875E-09
             FORWARD        1.000000                       1                   1                 545       0.5947331E-09
             FORWARD        1.000000                       1                   1                 546       0.5910894E-09
             FORWARD        1.000000                       1                   1                 547       0.5869489E-09
             FORWARD        1.000000                       1                   1                 548       0.5786590E-09
             FORWARD        1.000000                       1                   1                 549       0.5768992E-09
             FORWARD        1.000000                       1                   1                 550       0.5762757E-09
             FORWARD        1.000000                       1                   1                 551       0.5813538E-09
             FORWARD        1.000000                       1                   1                 552       0.5878845E-09
             FORWARD        1.000000                       1                   1                 553       0.5940928E-09
             FORWARD        1.000000                       1                   1                 554       0.6023889E-09
             FORWARD        1.000000                       1                   1                 555       0.6115408E-09
             FORWARD        1.000000                       1                   1                 556       0.6129939E-09
             FORWARD        1.000000                       1                   1                 557       0.6132205E-09
             FORWARD        1.000000                       1                   1                 558       0.6143218E-09
             FORWARD        1.000000                       1                   1                 559       0.6163604E-09
             FORWARD        1.000000                       1                   1                 560       0.6191303E-09
             FORWARD        1.000000                       1                   1                 561       0.6216077E-09
             FORWARD        1.000000                       1                   1                 562       0.6073019E-09
             FORWARD        1.000000                       1                   1                 563       0.5899016E-09
             FORWARD        1.000000                       1                   1                 564       0.5784407E-09
             FORWARD        1.000000                       1                   1                 565       0.5737863E-09
             FORWARD        1.000000                       1                   1                 566       0.5589642E-09
             FORWARD        1.000000                       1                   1                 567       0.5335566E-09
             FORWARD        1.000000                       1                   1                 568       0.5289107E-09
             FORWARD        1.000000                       1                   1                 569       0.5122759E-09
             FORWARD        1.000000                       1                   1                 570       0.5047578E-09
             FORWARD        1.000000                       1                   1                 571       0.4959443E-09
             FORWARD        1.000000                       1                   1                 572       0.4875070E-09
             FORWARD        1.000000                       1                   1                 573       0.4827572E-09
             FORWARD        1.000000                       1                   1                 574       0.4811108E-09
             FORWARD        1.000000                       1                   1                 575       0.4813788E-09
             FORWARD        1.000000                       1                   1                 576       0.4793750E-09
             FORWARD        1.000000                       1                   1                 577       0.4773443E-09
             FORWARD        1.000000                       1                   1                 578       0.4609486E-09
             FORWARD        1.000000                       1                   1                 579       0.4622670E-09
             FORWARD        1.000000                       1                   1                 580       0.4662665E-09
             FORWARD        1.000000                       1                   1                 581       0.4668542E-09
             FORWARD        1.000000                       1                   1                 582       0.4644187E-09
             FORWARD        1.000000                       1                   1                 583       0.4631671E-09
             FORWARD        1.000000                       1                   1                 584       0.4545596E-09
             FORWARD        1.000000                       1                   1                 585       0.4540951E-09
             FORWARD        1.000000                       1                   1                 586       0.4530668E-09
             FORWARD        1.000000                       1                   1                 587       0.4533633E-09
             FORWARD        1.000000                       1                   1                 588       0.4550372E-09
             FORWARD        1.000000                       1                   1                 589       0.4565265E-09
             FORWARD        1.000000                       1                   1                 590       0.4571761E-09
             FORWARD        1.000000                       1                   1                 591       0.4583870E-09
             FORWARD        1.000000                       1                   1                 592       0.4592161E-09
             FORWARD        1.000000                       1                   1                 593       0.4622099E-09
             FORWARD        1.000000                       1                   1                 594       0.4701555E-09
             FORWARD        1.000000                       1                   1                 595       0.4702159E-09
             FORWARD        1.000000                       1                   1                 596       0.4724753E-09
             FORWARD        1.000000                       1                   1                 597       0.4733819E-09
             FORWARD        1.000000                       1                   1                 598       0.4732909E-09
             FORWARD        1.000000                       1                   1                 599       0.4733797E-09
             FORWARD        1.000000                       1                   1                 600       0.4727570E-09
             FORWARD        1.000000                       1                   1                 601       0.4777644E-09
             FORWARD        1.000000                       1                   1                 602       0.4674074E-09
             FORWARD        1.000000                       1                   1                 603       0.4538407E-09
             FORWARD        1.000000                       1                   1                 604       0.4425567E-09
             FORWARD        1.000000                       1                   1                 605       0.4358932E-09
             FORWARD        1.000000                       1                   1                 606       0.4273802E-09
             FORWARD        1.000000                       1                   1                 607       0.4223296E-09
             FORWARD        1.000000                       1                   1                 608       0.4150164E-09
             FORWARD        1.000000                       1                   1                 609       0.4105074E-09
             FORWARD        1.000000                       1                   1                 610       0.4091624E-09
             FORWARD        1.000000                       1                   1                 611       0.4082589E-09
             FORWARD        1.000000                       1                   1                 612       0.3999255E-09
             FORWARD        1.000000                       1                   1                 613       0.3957471E-09
             FORWARD        1.000000                       1                   1                 614       0.3927967E-09
             FORWARD        1.000000                       1                   1                 615       0.3936247E-09
             FORWARD        1.000000                       1                   1                 616       0.3946419E-09
             FORWARD        1.000000                       1                   1                 617       0.3938758E-09
             FORWARD        1.000000                       1                   1                 618       0.3925174E-09
             FORWARD        1.000000                       1                   1                 619       0.3799058E-09
             FORWARD        1.000000                       1                   1                 620       0.3795596E-09
             FORWARD        1.000000                       1                   1                 621       0.3768307E-09
             FORWARD        1.000000                       1                   1                 622       0.3938066E-09
             FORWARD        1.000000                       1                   1                 623       0.4131148E-09
             FORWARD        1.000000                       1                   1                 624       0.4183910E-09
             FORWARD        1.000000                       1                   1                 625       0.4292847E-09
             FORWARD        1.000000                       1                   1                 626       0.4350595E-09
             FORWARD        1.000000                       1                   1                 627       0.4409090E-09
             FORWARD        1.000000                       1                   1                 628       0.4474929E-09
             FORWARD        1.000000                       1                   1                 629       0.4500861E-09
             FORWARD        1.000000                       1                   1                 630       0.4503197E-09
             FORWARD        1.000000                       1                   1                 631       0.4512027E-09
             FORWARD        1.000000                       1                   1                 632       0.4520682E-09
             FORWARD        1.000000                       1                   1                 633       0.4521438E-09
             FORWARD        1.000000                       1                   1                 634       0.4510897E-09
             FORWARD        1.000000                       1                   1                 635       0.4491593E-09
             FORWARD        1.000000                       1                   1                 636       0.4482796E-09
             FORWARD        1.000000                       1                   1                 637       0.4477233E-09
             FORWARD        1.000000                       1                   1                 638       0.4465115E-09
             FORWARD        1.000000                       1                   1                 639       0.4453965E-09
             FORWARD        1.000000                       1                   1                 640       0.4438325E-09
             FORWARD        1.000000                       1                   1                 641       0.4492530E-09
             FORWARD        1.000000                       1                   1                 642       0.4392364E-09
             FORWARD        1.000000                       1                   1                 643       0.4221617E-09
             FORWARD        1.000000                       1                   1                 644       0.4054224E-09
             FORWARD        1.000000                       1                   1                 645       0.3922891E-09
             FORWARD        1.000000                       1                   1                 646       0.3775931E-09
             FORWARD        1.000000                       1                   1                 647       0.3715693E-09
             FORWARD        1.000000                       1                   1                 648       0.3764206E-09
             FORWARD        1.000000                       1                   1                 649       0.3755478E-09
             FORWARD        1.000000                       1                   1                 650       0.3742015E-09
             FORWARD        1.000000                       1                   1                 651       0.3688662E-09
             FORWARD        1.000000                       1                   1                 652       0.3649893E-09
             FORWARD        1.000000                       1                   1                 653       0.3636105E-09
             FORWARD        1.000000                       1                   1                 654       0.3633316E-09
             FORWARD        1.000000                       1                   1                 655       0.3648187E-09
             FORWARD        1.000000                       1                   1                 656       0.3625874E-09
             FORWARD        1.000000                       1                   1                 657       0.3555935E-09
             FORWARD        1.000000                       1                   1                 658       0.3467930E-09
             FORWARD        1.000000                       1                   1                 659       0.3456326E-09
             FORWARD        1.000000                       1                   1                 660       0.3553627E-09
             FORWARD        1.000000                       1                   1                 661       0.3779745E-09
             FORWARD        1.000000                       1                   1                 662       0.3959188E-09
             FORWARD        1.000000                       1                   1                 663       0.4084217E-09
             FORWARD        1.000000                       1                   1                 664       0.4185778E-09
             FORWARD        1.000000                       1                   1                 665       0.4176632E-09
             FORWARD        1.000000                       1                   1                 666       0.4219490E-09
             FORWARD        1.000000                       1                   1                 667       0.4257985E-09
             FORWARD        1.000000                       1                   1                 668       0.4271106E-09
             FORWARD        1.000000                       1                   1                 669       0.4282381E-09
             FORWARD        1.000000                       1                   1                 670       0.4285039E-09
             FORWARD        1.000000                       1                   1                 671       0.4282202E-09
             FORWARD        1.000000                       1                   1                 672       0.4253676E-09
             FORWARD        1.000000                       1                   1                 673       0.4247505E-09
             FORWARD        1.000000                       1                   1                 674       0.4242318E-09
             FORWARD        1.000000                       1                   1                 675       0.4243650E-09
             FORWARD        1.000000                       1                   1                 676       0.4239796E-09
             FORWARD        1.000000                       1                   1                 677       0.4234026E-09
             FORWARD        1.000000                       1                   1                 678       0.4229616E-09
             FORWARD        1.000000                       1                   1                 679       0.4232914E-09
             FORWARD        1.000000                       1                   1                 680       0.4240155E-09
             FORWARD        1.000000                       1                   1                 681       0.4293893E-09
             FORWARD        1.000000                       1                   1                 682       0.4192887E-09
             FORWARD        1.000000                       1                   1                 683       0.3995219E-09
             FORWARD        1.000000                       1                   1                 684       0.3813400E-09
             FORWARD        1.000000                       1                   1                 685       0.3686229E-09
             FORWARD        1.000000                       1                   1                 686       0.3521091E-09
             FORWARD        1.000000                       1                   1                 687       0.3493693E-09
             FORWARD        1.000000                       1                   1                 688       0.3548561E-09
             FORWARD        1.000000                       1                   1                 689       0.3535656E-09
             FORWARD        1.000000                       1                   1                 690       0.3577225E-09
             FORWARD        1.000000                       1                   1                 691       0.3615530E-09
             FORWARD        1.000000                       1                   1                 692       0.3552186E-09
             FORWARD        1.000000                       1                   1                 693       0.3559445E-09
             FORWARD        1.000000                       1                   1                 694       0.3575727E-09
             FORWARD        1.000000                       1                   1                 695       0.3589583E-09
             FORWARD        1.000000                       1                   1                 696       0.3570154E-09
             FORWARD        1.000000                       1                   1                 697       0.3464792E-09
             FORWARD        1.000000                       1                   1                 698       0.3361862E-09
             FORWARD        1.000000                       1                   1                 699       0.3348192E-09
             FORWARD        1.000000                       1                   1                 700       0.3528036E-09
             FORWARD        1.000000                       1                   1                 701       0.3644147E-09
             FORWARD        1.000000                       1                   1                 702       0.3753385E-09
             FORWARD        1.000000                       1                   1                 703       0.3768699E-09
             FORWARD        1.000000                       1                   1                 704       0.3746874E-09
             FORWARD        1.000000                       1                   1                 705       0.3759558E-09
             FORWARD        1.000000                       1                   1                 706       0.3820311E-09
             FORWARD        1.000000                       1                   1                 707       0.3902908E-09
             FORWARD        1.000000                       1                   1                 708       0.3975071E-09
             FORWARD        1.000000                       1                   1                 709       0.4021025E-09
             FORWARD        1.000000                       1                   1                 710       0.4051522E-09
             FORWARD        1.000000                       1                   1                 711       0.4051002E-09
             FORWARD        1.000000                       1                   1                 712       0.4062833E-09
             FORWARD        1.000000                       1                   1                 713       0.4063974E-09
             FORWARD        1.000000                       1                   1                 714       0.4052877E-09
             FORWARD        1.000000                       1                   1                 715       0.4047166E-09
             FORWARD        1.000000                       1                   1                 716       0.4026807E-09
             FORWARD        1.000000                       1                   1                 717       0.4022388E-09
             FORWARD        1.000000                       1                   1                 718       0.4031597E-09
             FORWARD        1.000000                       1                   1                 719       0.4044105E-09
             FORWARD        1.000000                       1                   1                 720       0.4060272E-09
             FORWARD        1.000000                       1                   1                 721       0.4120951E-09
             FORWARD        1.000000                       1                   1                 722       0.4029725E-09
             FORWARD        1.000000                       1                   1                 723       0.3852064E-09
             FORWARD        1.000000                       1                   1                 724       0.3683446E-09
             FORWARD        1.000000                       1                   1                 725       0.3549750E-09
             FORWARD        1.000000                       1                   1                 726       0.3408343E-09
             FORWARD        1.000000                       1                   1                 727       0.3457713E-09
             FORWARD        1.000000                       1                   1                 728       0.3568326E-09
             FORWARD        1.000000                       1                   1                 729       0.3551465E-09
             FORWARD        1.000000                       1                   1                 730       0.3570934E-09
             FORWARD        1.000000                       1                   1                 731       0.3600050E-09
             FORWARD        1.000000                       1                   1                 732       0.3532719E-09
             FORWARD        1.000000                       1                   1                 733       0.3474826E-09
             FORWARD        1.000000                       1                   1                 734       0.3454730E-09
             FORWARD        1.000000                       1                   1                 735       0.3467553E-09
             FORWARD        1.000000                       1                   1                 736       0.3453006E-09
             FORWARD        1.000000                       1                   1                 737       0.3326585E-09
             FORWARD        1.000000                       1                   1                 738       0.3196620E-09
             FORWARD        1.000000                       1                   1                 739       0.3099925E-09
             FORWARD        1.000000                       1                   1                 740       0.3081083E-09
             FORWARD        1.000000                       1                   1                 741       0.3161805E-09
             FORWARD        1.000000                       1                   1                 742       0.3204180E-09
             FORWARD        1.000000                       1                   1                 743       0.3193601E-09
             FORWARD        1.000000                       1                   1                 744       0.3173613E-09
             FORWARD        1.000000                       1                   1                 745       0.3163933E-09
             FORWARD        1.000000                       1                   1                 746       0.3136647E-09
             FORWARD        1.000000                       1                   1                 747       0.3140256E-09
             FORWARD        1.000000                       1                   1                 748       0.3163847E-09
             FORWARD        1.000000                       1                   1                 749       0.3194116E-09
             FORWARD        1.000000                       1                   1                 750       0.3183203E-09
             FORWARD        1.000000                       1                   1                 751       0.3170277E-09
             FORWARD        1.000000                       1                   1                 752       0.3148308E-09
             FORWARD        1.000000                       1                   1                 753       0.3119726E-09
             FORWARD        1.000000                       1                   1                 754       0.3122882E-09
             FORWARD        1.000000                       1                   1                 755       0.3126055E-09
             FORWARD        1.000000                       1                   1                 756       0.3119271E-09
             FORWARD        1.000000                       1                   1                 757       0.3115747E-09
             FORWARD        1.000000                       1                   1                 758       0.3120220E-09
             FORWARD        1.000000                       1                   1                 759       0.3119591E-09
             FORWARD        1.000000                       1                   1                 760       0.3127446E-09
