           #Job_Name              Period        Period_Index  Polarization_Index Number_of_Iteration            Residual
             FORWARD       0.1000000E-01                   1                   1                   1       0.1443911E-04
             FORWARD       0.1000000E-01                   1                   1                   2       0.2896150E-05
             FORWARD       0.1000000E-01                   1                   1                   3       0.1640607E-05
             FORWARD       0.1000000E-01                   1                   1                   4       0.1623395E-05
             FORWARD       0.1000000E-01                   1                   1                   5       0.1472708E-05
             FORWARD       0.1000000E-01                   1                   1                   6       0.1094014E-05
             FORWARD       0.1000000E-01                   1                   1                   7       0.9092042E-06
             FORWARD       0.1000000E-01                   1                   1                   8       0.1161329E-05
             FORWARD       0.1000000E-01                   1                   1                   9       0.6745058E-06
             FORWARD       0.1000000E-01                   1                   1                  10       0.7783333E-06
             FORWARD       0.1000000E-01                   1                   1                  11       0.5779593E-06
             FORWARD       0.1000000E-01                   1                   1                  12       0.4385165E-06
             FORWARD       0.1000000E-01                   1                   1                  13       0.2646911E-06
             FORWARD       0.1000000E-01                   1                   1                  14       0.2639274E-06
             FORWARD       0.1000000E-01                   1                   1                  15       0.1855871E-06
             FORWARD       0.1000000E-01                   1                   1                  16       0.1412846E-06
             FORWARD       0.1000000E-01                   1                   1                  17       0.1464059E-06
             FORWARD       0.1000000E-01                   1                   1                  18       0.1187327E-06
             FORWARD       0.1000000E-01                   1                   1                  19       0.1126092E-06
             FORWARD       0.1000000E-01                   1                   1                  20       0.1048703E-06
             FORWARD       0.1000000E-01                   1                   1                  21       0.1050330E-06
             FORWARD       0.1000000E-01                   1                   1                  22       0.1051267E-06
             FORWARD       0.1000000E-01                   1                   1                  23       0.1051800E-06
             FORWARD       0.1000000E-01                   1                   1                  24       0.1072427E-06
             FORWARD       0.1000000E-01                   1                   1                  25       0.1077859E-06
             FORWARD       0.1000000E-01                   1                   1                  26       0.1077930E-06
             FORWARD       0.1000000E-01                   1                   1                  27       0.9310283E-07
             FORWARD       0.1000000E-01                   1                   2                   1       0.7252704E-03
             FORWARD       0.1000000E-01                   1                   2                   2       0.7089764E-04
             FORWARD       0.1000000E-01                   1                   2                   3       0.4647711E-04
             FORWARD       0.1000000E-01                   1                   2                   4       0.2435709E-04
             FORWARD       0.1000000E-01                   1                   2                   5       0.2452643E-04
             FORWARD       0.1000000E-01                   1                   2                   6       0.1679687E-04
             FORWARD       0.1000000E-01                   1                   2                   7       0.1344886E-04
             FORWARD       0.1000000E-01                   1                   2                   8       0.1176190E-04
             FORWARD       0.1000000E-01                   1                   2                   9       0.1176047E-04
             FORWARD       0.1000000E-01                   1                   2                  10       0.1151493E-04
             FORWARD       0.1000000E-01                   1                   2                  11       0.1058644E-04
             FORWARD       0.1000000E-01                   1                   2                  12       0.9725615E-05
             FORWARD       0.1000000E-01                   1                   2                  13       0.7517326E-05
             FORWARD       0.1000000E-01                   1                   2                  14       0.6297132E-05
             FORWARD       0.1000000E-01                   1                   2                  15       0.6149627E-05
             FORWARD       0.1000000E-01                   1                   2                  16       0.5678775E-05
             FORWARD       0.1000000E-01                   1                   2                  17       0.5869311E-05
             FORWARD       0.1000000E-01                   1                   2                  18       0.5721789E-05
             FORWARD       0.1000000E-01                   1                   2                  19       0.5537563E-05
             FORWARD       0.1000000E-01                   1                   2                  20       0.5575819E-05
             FORWARD       0.1000000E-01                   1                   2                  21       0.5580222E-05
             FORWARD       0.1000000E-01                   1                   2                  22       0.5656779E-05
             FORWARD       0.1000000E-01                   1                   2                  23       0.5430655E-05
             FORWARD       0.1000000E-01                   1                   2                  24       0.5453735E-05
             FORWARD       0.1000000E-01                   1                   2                  25       0.4863249E-05
             FORWARD       0.1000000E-01                   1                   2                  26       0.4926033E-05
             FORWARD       0.1000000E-01                   1                   2                  27       0.4906273E-05
             FORWARD       0.1000000E-01                   1                   2                  28       0.4050223E-05
             FORWARD       0.1000000E-01                   1                   2                  29       0.3866624E-05
             FORWARD       0.1000000E-01                   1                   2                  30       0.3853217E-05
             FORWARD       0.1000000E-01                   1                   2                  31       0.3353106E-05
             FORWARD       0.1000000E-01                   1                   2                  32       0.3099437E-05
             FORWARD       0.1000000E-01                   1                   2                  33       0.2624677E-05
             FORWARD       0.1000000E-01                   1                   2                  34       0.1849533E-05
             FORWARD       0.1000000E-01                   1                   2                  35       0.2019353E-05
             FORWARD       0.1000000E-01                   1                   2                  36       0.1985844E-05
             FORWARD       0.1000000E-01                   1                   2                  37       0.2010530E-05
             FORWARD       0.1000000E-01                   1                   2                  38       0.1999483E-05
             FORWARD       0.1000000E-01                   1                   2                  39       0.1906399E-05
             FORWARD       0.1000000E-01                   1                   2                  40       0.1821797E-05
             FORWARD       0.1000000E-01                   1                   2                  41       0.1821797E-05
             FORWARD       0.1000000E-01                   1                   2                  42       0.1050135E-05
             FORWARD       0.1000000E-01                   1                   2                  43       0.7705922E-06
             FORWARD       0.1000000E-01                   1                   2                  44       0.6703718E-06
             FORWARD       0.1000000E-01                   1                   2                  45       0.6334475E-06
             FORWARD       0.1000000E-01                   1                   2                  46       0.5829007E-06
             FORWARD       0.1000000E-01                   1                   2                  47       0.5778912E-06
             FORWARD       0.1000000E-01                   1                   2                  48       0.5670075E-06
             FORWARD       0.1000000E-01                   1                   2                  49       0.5307340E-06
             FORWARD       0.1000000E-01                   1                   2                  50       0.5287069E-06
             FORWARD       0.1000000E-01                   1                   2                  51       0.5162989E-06
             FORWARD       0.1000000E-01                   1                   2                  52       0.4994868E-06
             FORWARD       0.1000000E-01                   1                   2                  53       0.4851756E-06
             FORWARD       0.1000000E-01                   1                   2                  54       0.4868279E-06
             FORWARD       0.1000000E-01                   1                   2                  55       0.4642544E-06
             FORWARD       0.1000000E-01                   1                   2                  56       0.4557511E-06
             FORWARD       0.1000000E-01                   1                   2                  57       0.4475215E-06
             FORWARD       0.1000000E-01                   1                   2                  58       0.4184128E-06
             FORWARD       0.1000000E-01                   1                   2                  59       0.4203109E-06
             FORWARD       0.1000000E-01                   1                   2                  60       0.4146923E-06
             FORWARD       0.1000000E-01                   1                   2                  61       0.4162878E-06
             FORWARD       0.1000000E-01                   1                   2                  62       0.4001278E-06
             FORWARD       0.1000000E-01                   1                   2                  63       0.3925718E-06
             FORWARD       0.1000000E-01                   1                   2                  64       0.3891068E-06
             FORWARD       0.1000000E-01                   1                   2                  65       0.3867443E-06
             FORWARD       0.1000000E-01                   1                   2                  66       0.3848083E-06
             FORWARD       0.1000000E-01                   1                   2                  67       0.3805683E-06
             FORWARD       0.1000000E-01                   1                   2                  68       0.3796951E-06
             FORWARD       0.1000000E-01                   1                   2                  69       0.3823626E-06
             FORWARD       0.1000000E-01                   1                   2                  70       0.3761521E-06
             FORWARD       0.1000000E-01                   1                   2                  71       0.3752237E-06
             FORWARD       0.1000000E-01                   1                   2                  72       0.3792976E-06
             FORWARD       0.1000000E-01                   1                   2                  73       0.3675442E-06
             FORWARD       0.1000000E-01                   1                   2                  74       0.3715160E-06
             FORWARD       0.1000000E-01                   1                   2                  75       0.3534297E-06
             FORWARD       0.1000000E-01                   1                   2                  76       0.3254291E-06
             FORWARD       0.1000000E-01                   1                   2                  77       0.3502514E-06
             FORWARD       0.1000000E-01                   1                   2                  78       0.3689620E-06
             FORWARD       0.1000000E-01                   1                   2                  79       0.3812576E-06
             FORWARD       0.1000000E-01                   1                   2                  80       0.3254291E-06
             FORWARD       0.1000000E-01                   1                   2                  81       0.3827303E-06
             FORWARD       0.1000000E-01                   1                   2                  82       0.2491932E-06
             FORWARD       0.1000000E-01                   1                   2                  83       0.2298424E-06
             FORWARD       0.1000000E-01                   1                   2                  84       0.2168974E-06
             FORWARD       0.1000000E-01                   1                   2                  85       0.2107399E-06
             FORWARD       0.1000000E-01                   1                   2                  86       0.2017277E-06
             FORWARD       0.1000000E-01                   1                   2                  87       0.2019867E-06
             FORWARD       0.1000000E-01                   1                   2                  88       0.2019995E-06
             FORWARD       0.1000000E-01                   1                   2                  89       0.2009788E-06
             FORWARD       0.1000000E-01                   1                   2                  90       0.1998044E-06
             FORWARD       0.1000000E-01                   1                   2                  91       0.1980074E-06
             FORWARD       0.1000000E-01                   1                   2                  92       0.1961929E-06
             FORWARD       0.1000000E-01                   1                   2                  93       0.1945800E-06
             FORWARD       0.1000000E-01                   1                   2                  94       0.1903627E-06
             FORWARD       0.1000000E-01                   1                   2                  95       0.1813504E-06
             FORWARD       0.1000000E-01                   1                   2                  96       0.1803052E-06
             FORWARD       0.1000000E-01                   1                   2                  97       0.1822317E-06
             FORWARD       0.1000000E-01                   1                   2                  98       0.1837138E-06
             FORWARD       0.1000000E-01                   1                   2                  99       0.1826331E-06
             FORWARD       0.1000000E-01                   1                   2                 100       0.1805958E-06
             FORWARD       0.1000000E-01                   1                   2                 101       0.1809670E-06
             FORWARD       0.1000000E-01                   1                   2                 102       0.1781892E-06
             FORWARD       0.1000000E-01                   1                   2                 103       0.1756105E-06
             FORWARD       0.1000000E-01                   1                   2                 104       0.1741754E-06
             FORWARD       0.1000000E-01                   1                   2                 105       0.1740055E-06
             FORWARD       0.1000000E-01                   1                   2                 106       0.1730414E-06
             FORWARD       0.1000000E-01                   1                   2                 107       0.1731386E-06
             FORWARD       0.1000000E-01                   1                   2                 108       0.1723467E-06
             FORWARD       0.1000000E-01                   1                   2                 109       0.1718273E-06
             FORWARD       0.1000000E-01                   1                   2                 110       0.1623579E-06
             FORWARD       0.1000000E-01                   1                   2                 111       0.1627521E-06
             FORWARD       0.1000000E-01                   1                   2                 112       0.1640864E-06
             FORWARD       0.1000000E-01                   1                   2                 113       0.1603796E-06
             FORWARD       0.1000000E-01                   1                   2                 114       0.1624427E-06
             FORWARD       0.1000000E-01                   1                   2                 115       0.1639571E-06
             FORWARD       0.1000000E-01                   1                   2                 116       0.1627153E-06
             FORWARD       0.1000000E-01                   1                   2                 117       0.1507112E-06
             FORWARD       0.1000000E-01                   1                   2                 118       0.1414078E-06
             FORWARD       0.1000000E-01                   1                   2                 119       0.1357011E-06
             FORWARD       0.1000000E-01                   1                   2                 120       0.1123060E-06
             FORWARD       0.1000000E-01                   1                   2                 121       0.1123060E-06
             FORWARD       0.1000000E-01                   1                   2                 122       0.9251225E-07
