           #Job_Name              Period        Period_Index  Polarization_Index Number_of_Iteration            Residual
             FORWARD       0.3160000                       1                   1                   1        1.000000    
             FORWARD       0.3160000                       1                   1                   2       0.2395305    
             FORWARD       0.3160000                       1                   1                   3       0.5276757E-01
             FORWARD       0.3160000                       1                   1                   4       0.4833278E-01
             FORWARD       0.3160000                       1                   1                   5       0.1173177E-01
             FORWARD       0.3160000                       1                   1                   6       0.1391212E-01
             FORWARD       0.3160000                       1                   1                   7       0.1178726E-01
             FORWARD       0.3160000                       1                   1                   8       0.1304840E-01
             FORWARD       0.3160000                       1                   1                   9       0.1353752E-01
             FORWARD       0.3160000                       1                   1                  10       0.2527993E-02
             FORWARD       0.3160000                       1                   1                  11       0.2054866E-02
             FORWARD       0.3160000                       1                   1                  12       0.1884095E-02
             FORWARD       0.3160000                       1                   1                  13       0.2404295E-02
             FORWARD       0.3160000                       1                   1                  14       0.2890041E-02
             FORWARD       0.3160000                       1                   1                  15       0.1586164E-02
             FORWARD       0.3160000                       1                   1                  16       0.7650186E-03
             FORWARD       0.3160000                       1                   1                  17       0.7991959E-03
             FORWARD       0.3160000                       1                   1                  18       0.8255774E-03
             FORWARD       0.3160000                       1                   1                  19       0.8716438E-03
             FORWARD       0.3160000                       1                   1                  20       0.6751975E-03
             FORWARD       0.3160000                       1                   1                  21       0.5828780E-03
             FORWARD       0.3160000                       1                   1                  22       0.5806516E-03
             FORWARD       0.3160000                       1                   1                  23       0.5767238E-03
             FORWARD       0.3160000                       1                   1                  24       0.5020609E-03
             FORWARD       0.3160000                       1                   1                  25       0.4719950E-03
             FORWARD       0.3160000                       1                   1                  26       0.4531336E-03
             FORWARD       0.3160000                       1                   1                  27       0.4050820E-03
             FORWARD       0.3160000                       1                   1                  28       0.3968843E-03
             FORWARD       0.3160000                       1                   1                  29       0.3956276E-03
             FORWARD       0.3160000                       1                   1                  30       0.3867192E-03
             FORWARD       0.3160000                       1                   1                  31       0.3685340E-03
             FORWARD       0.3160000                       1                   1                  32       0.3695620E-03
             FORWARD       0.3160000                       1                   1                  33       0.3748922E-03
             FORWARD       0.3160000                       1                   1                  34       0.3668096E-03
             FORWARD       0.3160000                       1                   1                  35       0.3536736E-03
             FORWARD       0.3160000                       1                   1                  36       0.2828780E-03
             FORWARD       0.3160000                       1                   1                  37       0.2592728E-03
             FORWARD       0.3160000                       1                   1                  38       0.1685749E-03
             FORWARD       0.3160000                       1                   1                  39       0.9976904E-04
             FORWARD       0.3160000                       1                   1                  40       0.9976904E-04
             FORWARD       0.3160000                       1                   1                  41       0.1134624E-03
             FORWARD       0.3160000                       1                   1                  42       0.2032219E-04
             FORWARD       0.3160000                       1                   1                  43       0.9774081E-05
             FORWARD       0.3160000                       1                   1                  44       0.6648963E-05
             FORWARD       0.3160000                       1                   1                  45       0.6122085E-05
             FORWARD       0.3160000                       1                   1                  46       0.5418315E-05
             FORWARD       0.3160000                       1                   1                  47       0.4941562E-05
             FORWARD       0.3160000                       1                   1                  48       0.5499712E-05
             FORWARD       0.3160000                       1                   1                  49       0.4913727E-05
             FORWARD       0.3160000                       1                   1                  50       0.3874379E-05
             FORWARD       0.3160000                       1                   1                  51       0.4017988E-05
             FORWARD       0.3160000                       1                   1                  52       0.4473553E-05
             FORWARD       0.3160000                       1                   1                  53       0.3957404E-05
             FORWARD       0.3160000                       1                   1                  54       0.3780287E-05
             FORWARD       0.3160000                       1                   1                  55       0.3350227E-05
             FORWARD       0.3160000                       1                   1                  56       0.2749101E-05
             FORWARD       0.3160000                       1                   1                  57       0.2621353E-05
             FORWARD       0.3160000                       1                   1                  58       0.2762904E-05
             FORWARD       0.3160000                       1                   1                  59       0.2938990E-05
             FORWARD       0.3160000                       1                   1                  60       0.3150505E-05
             FORWARD       0.3160000                       1                   1                  61       0.2721403E-05
             FORWARD       0.3160000                       1                   1                  62       0.2700722E-05
             FORWARD       0.3160000                       1                   1                  63       0.2732593E-05
             FORWARD       0.3160000                       1                   1                  64       0.2772655E-05
             FORWARD       0.3160000                       1                   1                  65       0.2502405E-05
             FORWARD       0.3160000                       1                   1                  66       0.2295083E-05
             FORWARD       0.3160000                       1                   1                  67       0.2242980E-05
             FORWARD       0.3160000                       1                   1                  68       0.2322963E-05
             FORWARD       0.3160000                       1                   1                  69       0.2312668E-05
             FORWARD       0.3160000                       1                   1                  70       0.2265169E-05
             FORWARD       0.3160000                       1                   1                  71       0.1847763E-05
             FORWARD       0.3160000                       1                   1                  72       0.1648506E-05
             FORWARD       0.3160000                       1                   1                  73       0.1646339E-05
             FORWARD       0.3160000                       1                   1                  74       0.1686234E-05
             FORWARD       0.3160000                       1                   1                  75       0.1710824E-05
             FORWARD       0.3160000                       1                   1                  76       0.1501284E-05
             FORWARD       0.3160000                       1                   1                  77       0.1292250E-05
             FORWARD       0.3160000                       1                   1                  78       0.1109921E-05
             FORWARD       0.3160000                       1                   1                  79       0.1114145E-05
             FORWARD       0.3160000                       1                   1                  80       0.1109921E-05
             FORWARD       0.3160000                       1                   1                  81       0.1116923E-05
             FORWARD       0.3160000                       1                   1                  82       0.8990867E-06
             FORWARD       0.3160000                       1                   1                  83       0.8186649E-06
             FORWARD       0.3160000                       1                   1                  84       0.7774681E-06
             FORWARD       0.3160000                       1                   1                  85       0.7700417E-06
             FORWARD       0.3160000                       1                   1                  86       0.7145504E-06
             FORWARD       0.3160000                       1                   1                  87       0.7150071E-06
             FORWARD       0.3160000                       1                   1                  88       0.6877096E-06
             FORWARD       0.3160000                       1                   1                  89       0.6821986E-06
             FORWARD       0.3160000                       1                   1                  90       0.6499733E-06
             FORWARD       0.3160000                       1                   1                  91       0.6383232E-06
             FORWARD       0.3160000                       1                   1                  92       0.6257897E-06
             FORWARD       0.3160000                       1                   1                  93       0.6214344E-06
             FORWARD       0.3160000                       1                   1                  94       0.5774847E-06
             FORWARD       0.3160000                       1                   1                  95       0.5676697E-06
             FORWARD       0.3160000                       1                   1                  96       0.5970649E-06
             FORWARD       0.3160000                       1                   1                  97       0.5245195E-06
             FORWARD       0.3160000                       1                   1                  98       0.5237223E-06
             FORWARD       0.3160000                       1                   1                  99       0.4947246E-06
             FORWARD       0.3160000                       1                   1                 100       0.5151260E-06
             FORWARD       0.3160000                       1                   1                 101       0.5199345E-06
             FORWARD       0.3160000                       1                   1                 102       0.5009329E-06
             FORWARD       0.3160000                       1                   1                 103       0.4981003E-06
             FORWARD       0.3160000                       1                   1                 104       0.4989878E-06
             FORWARD       0.3160000                       1                   1                 105       0.4783651E-06
             FORWARD       0.3160000                       1                   1                 106       0.4729695E-06
             FORWARD       0.3160000                       1                   1                 107       0.4737952E-06
             FORWARD       0.3160000                       1                   1                 108       0.4462132E-06
             FORWARD       0.3160000                       1                   1                 109       0.4195479E-06
             FORWARD       0.3160000                       1                   1                 110       0.4143659E-06
             FORWARD       0.3160000                       1                   1                 111       0.4147479E-06
             FORWARD       0.3160000                       1                   1                 112       0.4087132E-06
             FORWARD       0.3160000                       1                   1                 113       0.4111868E-06
             FORWARD       0.3160000                       1                   1                 114       0.4108714E-06
             FORWARD       0.3160000                       1                   1                 115       0.4113518E-06
             FORWARD       0.3160000                       1                   1                 116       0.4064588E-06
             FORWARD       0.3160000                       1                   1                 117       0.3987299E-06
             FORWARD       0.3160000                       1                   1                 118       0.3985970E-06
             FORWARD       0.3160000                       1                   1                 119       0.3988476E-06
             FORWARD       0.3160000                       1                   1                 120       0.3950923E-06
             FORWARD       0.3160000                       1                   1                 121       0.3950923E-06
             FORWARD       0.3160000                       1                   1                 122       0.3475390E-06
             FORWARD       0.3160000                       1                   1                 123       0.3403135E-06
             FORWARD       0.3160000                       1                   1                 124       0.3384470E-06
             FORWARD       0.3160000                       1                   1                 125       0.3418903E-06
             FORWARD       0.3160000                       1                   1                 126       0.3377014E-06
             FORWARD       0.3160000                       1                   1                 127       0.3461429E-06
             FORWARD       0.3160000                       1                   1                 128       0.3202919E-06
             FORWARD       0.3160000                       1                   1                 129       0.3075628E-06
             FORWARD       0.3160000                       1                   1                 130       0.2876022E-06
             FORWARD       0.3160000                       1                   1                 131       0.2935331E-06
             FORWARD       0.3160000                       1                   1                 132       0.2787222E-06
             FORWARD       0.3160000                       1                   1                 133       0.2775695E-06
             FORWARD       0.3160000                       1                   1                 134       0.2671852E-06
             FORWARD       0.3160000                       1                   1                 135       0.2619002E-06
             FORWARD       0.3160000                       1                   1                 136       0.2548572E-06
             FORWARD       0.3160000                       1                   1                 137       0.2409456E-06
             FORWARD       0.3160000                       1                   1                 138       0.2393094E-06
             FORWARD       0.3160000                       1                   1                 139       0.2406753E-06
             FORWARD       0.3160000                       1                   1                 140       0.2406936E-06
             FORWARD       0.3160000                       1                   1                 141       0.2378937E-06
             FORWARD       0.3160000                       1                   1                 142       0.2367569E-06
             FORWARD       0.3160000                       1                   1                 143       0.2201287E-06
             FORWARD       0.3160000                       1                   1                 144       0.2086242E-06
             FORWARD       0.3160000                       1                   1                 145       0.1849414E-06
             FORWARD       0.3160000                       1                   1                 146       0.1782410E-06
             FORWARD       0.3160000                       1                   1                 147       0.1784770E-06
             FORWARD       0.3160000                       1                   1                 148       0.1800045E-06
             FORWARD       0.3160000                       1                   1                 149       0.1842698E-06
             FORWARD       0.3160000                       1                   1                 150       0.1842204E-06
             FORWARD       0.3160000                       1                   1                 151       0.1890222E-06
             FORWARD       0.3160000                       1                   1                 152       0.1931275E-06
             FORWARD       0.3160000                       1                   1                 153       0.1807182E-06
             FORWARD       0.3160000                       1                   1                 154       0.1800872E-06
             FORWARD       0.3160000                       1                   1                 155       0.1800019E-06
             FORWARD       0.3160000                       1                   1                 156       0.1783013E-06
             FORWARD       0.3160000                       1                   1                 157       0.1764659E-06
             FORWARD       0.3160000                       1                   1                 158       0.1764491E-06
             FORWARD       0.3160000                       1                   1                 159       0.1749854E-06
             FORWARD       0.3160000                       1                   1                 160       0.1749854E-06
             FORWARD       0.3160000                       1                   1                 161       0.1754845E-06
             FORWARD       0.3160000                       1                   1                 162       0.1591852E-06
             FORWARD       0.3160000                       1                   1                 163       0.1514712E-06
             FORWARD       0.3160000                       1                   1                 164       0.1434090E-06
             FORWARD       0.3160000                       1                   1                 165       0.1392395E-06
             FORWARD       0.3160000                       1                   1                 166       0.1334317E-06
             FORWARD       0.3160000                       1                   1                 167       0.1389256E-06
             FORWARD       0.3160000                       1                   1                 168       0.1354107E-06
             FORWARD       0.3160000                       1                   1                 169       0.1266752E-06
             FORWARD       0.3160000                       1                   1                 170       0.1286217E-06
             FORWARD       0.3160000                       1                   1                 171       0.1200505E-06
             FORWARD       0.3160000                       1                   1                 172       0.1221695E-06
             FORWARD       0.3160000                       1                   1                 173       0.1196408E-06
             FORWARD       0.3160000                       1                   1                 174       0.1127587E-06
             FORWARD       0.3160000                       1                   1                 175       0.1100443E-06
             FORWARD       0.3160000                       1                   1                 176       0.1107274E-06
             FORWARD       0.3160000                       1                   1                 177       0.1079923E-06
             FORWARD       0.3160000                       1                   1                 178       0.1076923E-06
             FORWARD       0.3160000                       1                   1                 179       0.1080505E-06
             FORWARD       0.3160000                       1                   1                 180       0.1077389E-06
             FORWARD       0.3160000                       1                   1                 181       0.1073706E-06
             FORWARD       0.3160000                       1                   1                 182       0.1064253E-06
             FORWARD       0.3160000                       1                   1                 183       0.1039017E-06
             FORWARD       0.3160000                       1                   1                 184       0.1020102E-06
             FORWARD       0.3160000                       1                   1                 185       0.9686897E-07
             FORWARD       0.3160000                       1                   1                 186       0.9631479E-07
             FORWARD       0.3160000                       1                   1                 187       0.9810669E-07
             FORWARD       0.3160000                       1                   1                 188       0.9391312E-07
             FORWARD       0.3160000                       1                   1                 189       0.9269696E-07
             FORWARD       0.3160000                       1                   1                 190       0.9169792E-07
             FORWARD       0.3160000                       1                   1                 191       0.9141559E-07
             FORWARD       0.3160000                       1                   1                 192       0.9047126E-07
             FORWARD       0.3160000                       1                   1                 193       0.8958069E-07
             FORWARD       0.3160000                       1                   1                 194       0.8912692E-07
             FORWARD       0.3160000                       1                   1                 195       0.8661510E-07
             FORWARD       0.3160000                       1                   1                 196       0.8664084E-07
             FORWARD       0.3160000                       1                   1                 197       0.8656134E-07
             FORWARD       0.3160000                       1                   1                 198       0.8641249E-07
             FORWARD       0.3160000                       1                   1                 199       0.8602170E-07
             FORWARD       0.3160000                       1                   1                 200       0.8547430E-07
             FORWARD       0.3160000                       1                   1                 201       0.8547430E-07
             FORWARD       0.3160000                       1                   1                 202       0.7811568E-07
             FORWARD       0.3160000                       1                   1                 203       0.7374013E-07
             FORWARD       0.3160000                       1                   1                 204       0.7159483E-07
             FORWARD       0.3160000                       1                   1                 205       0.6781288E-07
             FORWARD       0.3160000                       1                   1                 206       0.6430137E-07
             FORWARD       0.3160000                       1                   1                 207       0.6257518E-07
             FORWARD       0.3160000                       1                   1                 208       0.6294025E-07
             FORWARD       0.3160000                       1                   1                 209       0.6471664E-07
             FORWARD       0.3160000                       1                   1                 210       0.6394065E-07
             FORWARD       0.3160000                       1                   1                 211       0.6032717E-07
             FORWARD       0.3160000                       1                   1                 212       0.6154682E-07
             FORWARD       0.3160000                       1                   1                 213       0.6226866E-07
             FORWARD       0.3160000                       1                   1                 214       0.5939989E-07
             FORWARD       0.3160000                       1                   1                 215       0.5548974E-07
             FORWARD       0.3160000                       1                   1                 216       0.5459261E-07
             FORWARD       0.3160000                       1                   1                 217       0.5438742E-07
             FORWARD       0.3160000                       1                   1                 218       0.5438149E-07
             FORWARD       0.3160000                       1                   1                 219       0.5429470E-07
             FORWARD       0.3160000                       1                   1                 220       0.5398378E-07
             FORWARD       0.3160000                       1                   1                 221       0.5233977E-07
             FORWARD       0.3160000                       1                   1                 222       0.5218776E-07
             FORWARD       0.3160000                       1                   1                 223       0.5063790E-07
             FORWARD       0.3160000                       1                   1                 224       0.4989238E-07
             FORWARD       0.3160000                       1                   1                 225       0.4665106E-07
             FORWARD       0.3160000                       1                   1                 226       0.4625053E-07
             FORWARD       0.3160000                       1                   1                 227       0.4588220E-07
             FORWARD       0.3160000                       1                   1                 228       0.3902167E-07
             FORWARD       0.3160000                       1                   1                 229       0.3869030E-07
             FORWARD       0.3160000                       1                   1                 230       0.3631871E-07
             FORWARD       0.3160000                       1                   1                 231       0.3610847E-07
             FORWARD       0.3160000                       1                   1                 232       0.3625287E-07
             FORWARD       0.3160000                       1                   1                 233       0.3529671E-07
             FORWARD       0.3160000                       1                   1                 234       0.3364653E-07
             FORWARD       0.3160000                       1                   1                 235       0.3324208E-07
             FORWARD       0.3160000                       1                   1                 236       0.3344500E-07
             FORWARD       0.3160000                       1                   1                 237       0.3313238E-07
             FORWARD       0.3160000                       1                   1                 238       0.3309168E-07
             FORWARD       0.3160000                       1                   1                 239       0.3294897E-07
             FORWARD       0.3160000                       1                   1                 240       0.3248530E-07
             FORWARD       0.3160000                       1                   1                 241       0.3248530E-07
             FORWARD       0.3160000                       1                   1                 242       0.2915415E-07
             FORWARD       0.3160000                       1                   1                 243       0.2876366E-07
             FORWARD       0.3160000                       1                   1                 244       0.2736730E-07
             FORWARD       0.3160000                       1                   1                 245       0.2579055E-07
             FORWARD       0.3160000                       1                   1                 246       0.2474143E-07
             FORWARD       0.3160000                       1                   1                 247       0.2546250E-07
             FORWARD       0.3160000                       1                   1                 248       0.2517954E-07
             FORWARD       0.3160000                       1                   1                 249       0.2387965E-07
             FORWARD       0.3160000                       1                   1                 250       0.2396661E-07
             FORWARD       0.3160000                       1                   1                 251       0.2428793E-07
             FORWARD       0.3160000                       1                   1                 252       0.2565868E-07
             FORWARD       0.3160000                       1                   1                 253       0.2417554E-07
             FORWARD       0.3160000                       1                   1                 254       0.2178637E-07
             FORWARD       0.3160000                       1                   1                 255       0.2118959E-07
             FORWARD       0.3160000                       1                   1                 256       0.2070598E-07
             FORWARD       0.3160000                       1                   1                 257       0.2051829E-07
             FORWARD       0.3160000                       1                   1                 258       0.2051606E-07
             FORWARD       0.3160000                       1                   1                 259       0.2049613E-07
             FORWARD       0.3160000                       1                   1                 260       0.2044264E-07
             FORWARD       0.3160000                       1                   1                 261       0.2042147E-07
             FORWARD       0.3160000                       1                   1                 262       0.2014706E-07
             FORWARD       0.3160000                       1                   1                 263       0.1910677E-07
             FORWARD       0.3160000                       1                   1                 264       0.1884606E-07
             FORWARD       0.3160000                       1                   1                 265       0.1847143E-07
             FORWARD       0.3160000                       1                   1                 266       0.1809156E-07
             FORWARD       0.3160000                       1                   1                 267       0.1817808E-07
             FORWARD       0.3160000                       1                   1                 268       0.1687176E-07
             FORWARD       0.3160000                       1                   1                 269       0.1645595E-07
             FORWARD       0.3160000                       1                   1                 270       0.1580791E-07
             FORWARD       0.3160000                       1                   1                 271       0.1508634E-07
             FORWARD       0.3160000                       1                   1                 272       0.1456283E-07
             FORWARD       0.3160000                       1                   1                 273       0.1447634E-07
             FORWARD       0.3160000                       1                   1                 274       0.1430415E-07
             FORWARD       0.3160000                       1                   1                 275       0.1428674E-07
             FORWARD       0.3160000                       1                   1                 276       0.1430259E-07
             FORWARD       0.3160000                       1                   1                 277       0.1425098E-07
             FORWARD       0.3160000                       1                   1                 278       0.1429432E-07
             FORWARD       0.3160000                       1                   1                 279       0.1420955E-07
             FORWARD       0.3160000                       1                   1                 280       0.1392903E-07
             FORWARD       0.3160000                       1                   1                 281       0.1392903E-07
             FORWARD       0.3160000                       1                   1                 282       0.1357969E-07
             FORWARD       0.3160000                       1                   1                 283       0.1268152E-07
             FORWARD       0.3160000                       1                   1                 284       0.1229908E-07
             FORWARD       0.3160000                       1                   1                 285       0.1232966E-07
             FORWARD       0.3160000                       1                   1                 286       0.1194936E-07
             FORWARD       0.3160000                       1                   1                 287       0.1214916E-07
             FORWARD       0.3160000                       1                   1                 288       0.1151490E-07
             FORWARD       0.3160000                       1                   1                 289       0.1114915E-07
             FORWARD       0.3160000                       1                   1                 290       0.1106936E-07
             FORWARD       0.3160000                       1                   1                 291       0.1070787E-07
             FORWARD       0.3160000                       1                   1                 292       0.1132926E-07
             FORWARD       0.3160000                       1                   1                 293       0.1189759E-07
             FORWARD       0.3160000                       1                   1                 294       0.1077608E-07
             FORWARD       0.3160000                       1                   1                 295       0.1051045E-07
             FORWARD       0.3160000                       1                   1                 296       0.1013255E-07
             FORWARD       0.3160000                       1                   1                 297       0.1021299E-07
             FORWARD       0.3160000                       1                   1                 298       0.1027991E-07
             FORWARD       0.3160000                       1                   1                 299       0.1035188E-07
             FORWARD       0.3160000                       1                   1                 300       0.1024348E-07
             FORWARD       0.3160000                       1                   1                 301       0.1020577E-07
             FORWARD       0.3160000                       1                   1                 302       0.9979236E-08
             FORWARD       0.3160000                       1                   1                 303       0.9568891E-08
             FORWARD       0.3160000                       1                   1                 304       0.9533289E-08
             FORWARD       0.3160000                       1                   1                 305       0.9225778E-08
             FORWARD       0.3160000                       1                   1                 306       0.9015240E-08
             FORWARD       0.3160000                       1                   1                 307       0.8588183E-08
             FORWARD       0.3160000                       1                   1                 308       0.7929224E-08
             FORWARD       0.3160000                       1                   1                 309       0.7903840E-08
             FORWARD       0.3160000                       1                   1                 310       0.7712789E-08
             FORWARD       0.3160000                       1                   1                 311       0.7562797E-08
             FORWARD       0.3160000                       1                   1                 312       0.7233750E-08
             FORWARD       0.3160000                       1                   1                 313       0.7268493E-08
             FORWARD       0.3160000                       1                   1                 314       0.7314831E-08
             FORWARD       0.3160000                       1                   1                 315       0.7276475E-08
             FORWARD       0.3160000                       1                   1                 316       0.7209104E-08
             FORWARD       0.3160000                       1                   1                 317       0.7198794E-08
             FORWARD       0.3160000                       1                   1                 318       0.7272750E-08
             FORWARD       0.3160000                       1                   1                 319       0.7249163E-08
             FORWARD       0.3160000                       1                   1                 320       0.7113111E-08
             FORWARD       0.3160000                       1                   1                 321       0.7113111E-08
             FORWARD       0.3160000                       1                   1                 322       0.6051448E-08
             FORWARD       0.3160000                       1                   1                 323       0.5883510E-08
             FORWARD       0.3160000                       1                   1                 324       0.5791088E-08
             FORWARD       0.3160000                       1                   1                 325       0.5792592E-08
             FORWARD       0.3160000                       1                   1                 326       0.5691345E-08
             FORWARD       0.3160000                       1                   1                 327       0.5714376E-08
             FORWARD       0.3160000                       1                   1                 328       0.5642153E-08
             FORWARD       0.3160000                       1                   1                 329       0.5266916E-08
             FORWARD       0.3160000                       1                   1                 330       0.5245843E-08
             FORWARD       0.3160000                       1                   1                 331       0.5250482E-08
             FORWARD       0.3160000                       1                   1                 332       0.5160134E-08
             FORWARD       0.3160000                       1                   1                 333       0.5139086E-08
             FORWARD       0.3160000                       1                   1                 334       0.5128715E-08
             FORWARD       0.3160000                       1                   1                 335       0.5183685E-08
             FORWARD       0.3160000                       1                   1                 336       0.5073832E-08
             FORWARD       0.3160000                       1                   1                 337       0.5071804E-08
             FORWARD       0.3160000                       1                   1                 338       0.4901224E-08
             FORWARD       0.3160000                       1                   1                 339       0.4916477E-08
             FORWARD       0.3160000                       1                   1                 340       0.5182776E-08
             FORWARD       0.3160000                       1                   1                 341       0.5082923E-08
             FORWARD       0.3160000                       1                   1                 342       0.5072435E-08
             FORWARD       0.3160000                       1                   1                 343       0.5097021E-08
             FORWARD       0.3160000                       1                   1                 344       0.5071933E-08
             FORWARD       0.3160000                       1                   1                 345       0.4366013E-08
             FORWARD       0.3160000                       1                   1                 346       0.3670655E-08
             FORWARD       0.3160000                       1                   1                 347       0.3760405E-08
             FORWARD       0.3160000                       1                   1                 348       0.3590900E-08
             FORWARD       0.3160000                       1                   1                 349       0.3475585E-08
             FORWARD       0.3160000                       1                   1                 350       0.3512038E-08
             FORWARD       0.3160000                       1                   1                 351       0.3509407E-08
             FORWARD       0.3160000                       1                   1                 352       0.3499410E-08
             FORWARD       0.3160000                       1                   1                 353       0.3459278E-08
             FORWARD       0.3160000                       1                   1                 354       0.3372839E-08
             FORWARD       0.3160000                       1                   1                 355       0.3459142E-08
             FORWARD       0.3160000                       1                   1                 356       0.3521559E-08
             FORWARD       0.3160000                       1                   1                 357       0.3381386E-08
             FORWARD       0.3160000                       1                   1                 358       0.3284954E-08
             FORWARD       0.3160000                       1                   1                 359       0.3164819E-08
             FORWARD       0.3160000                       1                   1                 360       0.3102713E-08
             FORWARD       0.3160000                       1                   1                 361       0.3102713E-08
             FORWARD       0.3160000                       1                   1                 362       0.2542730E-08
             FORWARD       0.3160000                       1                   1                 363       0.2356030E-08
             FORWARD       0.3160000                       1                   1                 364       0.2349469E-08
             FORWARD       0.3160000                       1                   1                 365       0.2292014E-08
             FORWARD       0.3160000                       1                   1                 366       0.2241040E-08
             FORWARD       0.3160000                       1                   1                 367       0.2153673E-08
             FORWARD       0.3160000                       1                   1                 368       0.2181237E-08
             FORWARD       0.3160000                       1                   1                 369       0.2115057E-08
             FORWARD       0.3160000                       1                   1                 370       0.2171250E-08
             FORWARD       0.3160000                       1                   1                 371       0.2131266E-08
             FORWARD       0.3160000                       1                   1                 372       0.2037754E-08
             FORWARD       0.3160000                       1                   1                 373       0.1971766E-08
             FORWARD       0.3160000                       1                   1                 374       0.1962071E-08
             FORWARD       0.3160000                       1                   1                 375       0.1940917E-08
             FORWARD       0.3160000                       1                   1                 376       0.1922116E-08
             FORWARD       0.3160000                       1                   1                 377       0.1903549E-08
             FORWARD       0.3160000                       1                   1                 378       0.1897902E-08
             FORWARD       0.3160000                       1                   1                 379       0.1898487E-08
             FORWARD       0.3160000                       1                   1                 380       0.1896143E-08
             FORWARD       0.3160000                       1                   1                 381       0.1889010E-08
             FORWARD       0.3160000                       1                   1                 382       0.1853517E-08
             FORWARD       0.3160000                       1                   1                 383       0.1743099E-08
             FORWARD       0.3160000                       1                   1                 384       0.1704628E-08
             FORWARD       0.3160000                       1                   1                 385       0.1683769E-08
             FORWARD       0.3160000                       1                   1                 386       0.1678857E-08
             FORWARD       0.3160000                       1                   1                 387       0.1692331E-08
             FORWARD       0.3160000                       1                   1                 388       0.1666445E-08
             FORWARD       0.3160000                       1                   1                 389       0.1500940E-08
             FORWARD       0.3160000                       1                   1                 390       0.1496382E-08
             FORWARD       0.3160000                       1                   1                 391       0.1507990E-08
             FORWARD       0.3160000                       1                   1                 392       0.1497284E-08
             FORWARD       0.3160000                       1                   1                 393       0.1465850E-08
             FORWARD       0.3160000                       1                   1                 394       0.1426369E-08
             FORWARD       0.3160000                       1                   1                 395       0.1434097E-08
             FORWARD       0.3160000                       1                   1                 396       0.1448383E-08
             FORWARD       0.3160000                       1                   1                 397       0.1396203E-08
             FORWARD       0.3160000                       1                   1                 398       0.1431517E-08
             FORWARD       0.3160000                       1                   1                 399       0.1410165E-08
             FORWARD       0.3160000                       1                   1                 400       0.1396203E-08
             FORWARD       0.3160000                       1                   1                 401       0.1396249E-08
             FORWARD       0.3160000                       1                   1                 402       0.1212265E-08
             FORWARD       0.3160000                       1                   1                 403       0.1161898E-08
             FORWARD       0.3160000                       1                   1                 404       0.1148968E-08
             FORWARD       0.3160000                       1                   1                 405       0.1133275E-08
             FORWARD       0.3160000                       1                   1                 406       0.1132807E-08
             FORWARD       0.3160000                       1                   1                 407       0.1167483E-08
             FORWARD       0.3160000                       1                   1                 408       0.1078384E-08
             FORWARD       0.3160000                       1                   1                 409       0.1085693E-08
             FORWARD       0.3160000                       1                   1                 410       0.1138192E-08
             FORWARD       0.3160000                       1                   1                 411       0.1141914E-08
             FORWARD       0.3160000                       1                   1                 412       0.1128105E-08
             FORWARD       0.3160000                       1                   1                 413       0.1132211E-08
             FORWARD       0.3160000                       1                   1                 414       0.1088018E-08
             FORWARD       0.3160000                       1                   1                 415       0.1081519E-08
             FORWARD       0.3160000                       1                   1                 416       0.1067687E-08
             FORWARD       0.3160000                       1                   1                 417       0.1069229E-08
             FORWARD       0.3160000                       1                   1                 418       0.1076272E-08
             FORWARD       0.3160000                       1                   1                 419       0.1059739E-08
             FORWARD       0.3160000                       1                   1                 420       0.1011162E-08
             FORWARD       0.3160000                       1                   1                 421       0.8879503E-09
             FORWARD       0.3160000                       1                   1                 422       0.8386603E-09
             FORWARD       0.3160000                       1                   1                 423       0.7890800E-09
             FORWARD       0.3160000                       1                   1                 424       0.7702911E-09
             FORWARD       0.3160000                       1                   1                 425       0.7651322E-09
             FORWARD       0.3160000                       1                   1                 426       0.7386798E-09
             FORWARD       0.3160000                       1                   1                 427       0.6744038E-09
             FORWARD       0.3160000                       1                   1                 428       0.6200918E-09
             FORWARD       0.3160000                       1                   1                 429       0.6191503E-09
             FORWARD       0.3160000                       1                   1                 430       0.6157058E-09
             FORWARD       0.3160000                       1                   1                 431       0.6012728E-09
             FORWARD       0.3160000                       1                   1                 432       0.5850557E-09
             FORWARD       0.3160000                       1                   1                 433       0.5845185E-09
             FORWARD       0.3160000                       1                   1                 434       0.5899264E-09
             FORWARD       0.3160000                       1                   1                 435       0.5883771E-09
             FORWARD       0.3160000                       1                   1                 436       0.5797922E-09
             FORWARD       0.3160000                       1                   1                 437       0.5553180E-09
             FORWARD       0.3160000                       1                   1                 438       0.5554941E-09
             FORWARD       0.3160000                       1                   1                 439       0.5475171E-09
             FORWARD       0.3160000                       1                   1                 440       0.5466698E-09
             FORWARD       0.3160000                       1                   1                 441       0.5466698E-09
             FORWARD       0.3160000                       1                   1                 442       0.4940189E-09
             FORWARD       0.3160000                       1                   1                 443       0.4726464E-09
             FORWARD       0.3160000                       1                   1                 444       0.4757934E-09
             FORWARD       0.3160000                       1                   1                 445       0.5065781E-09
             FORWARD       0.3160000                       1                   1                 446       0.4890578E-09
             FORWARD       0.3160000                       1                   1                 447       0.4905886E-09
             FORWARD       0.3160000                       1                   1                 448       0.4722076E-09
             FORWARD       0.3160000                       1                   1                 449       0.4529156E-09
             FORWARD       0.3160000                       1                   1                 450       0.4239776E-09
             FORWARD       0.3160000                       1                   1                 451       0.4080505E-09
             FORWARD       0.3160000                       1                   1                 452       0.4061374E-09
             FORWARD       0.3160000                       1                   1                 453       0.4124038E-09
             FORWARD       0.3160000                       1                   1                 454       0.4175588E-09
             FORWARD       0.3160000                       1                   1                 455       0.4200530E-09
             FORWARD       0.3160000                       1                   1                 456       0.4229825E-09
             FORWARD       0.3160000                       1                   1                 457       0.4239415E-09
             FORWARD       0.3160000                       1                   1                 458       0.4238340E-09
             FORWARD       0.3160000                       1                   1                 459       0.4232480E-09
             FORWARD       0.3160000                       1                   1                 460       0.4231417E-09
             FORWARD       0.3160000                       1                   1                 461       0.3964363E-09
             FORWARD       0.3160000                       1                   1                 462       0.3824511E-09
             FORWARD       0.3160000                       1                   1                 463       0.3711962E-09
             FORWARD       0.3160000                       1                   1                 464       0.3688825E-09
             FORWARD       0.3160000                       1                   1                 465       0.3707840E-09
             FORWARD       0.3160000                       1                   1                 466       0.3606282E-09
             FORWARD       0.3160000                       1                   1                 467       0.3563524E-09
             FORWARD       0.3160000                       1                   1                 468       0.3623743E-09
             FORWARD       0.3160000                       1                   1                 469       0.3618231E-09
             FORWARD       0.3160000                       1                   1                 470       0.3572466E-09
             FORWARD       0.3160000                       1                   1                 471       0.3570880E-09
             FORWARD       0.3160000                       1                   1                 472       0.3505648E-09
             FORWARD       0.3160000                       1                   1                 473       0.3497991E-09
             FORWARD       0.3160000                       1                   1                 474       0.3487366E-09
             FORWARD       0.3160000                       1                   1                 475       0.3481373E-09
             FORWARD       0.3160000                       1                   1                 476       0.3342885E-09
             FORWARD       0.3160000                       1                   1                 477       0.3172511E-09
             FORWARD       0.3160000                       1                   1                 478       0.3122954E-09
             FORWARD       0.3160000                       1                   1                 479       0.2976965E-09
             FORWARD       0.3160000                       1                   1                 480       0.2749939E-09
             FORWARD       0.3160000                       1                   1                 481       0.2749939E-09
             FORWARD       0.3160000                       1                   1                 482       0.2357439E-09
             FORWARD       0.3160000                       1                   1                 483       0.2373354E-09
             FORWARD       0.3160000                       1                   1                 484       0.2389419E-09
             FORWARD       0.3160000                       1                   1                 485       0.2357213E-09
             FORWARD       0.3160000                       1                   1                 486       0.2347036E-09
             FORWARD       0.3160000                       1                   1                 487       0.2361940E-09
             FORWARD       0.3160000                       1                   1                 488       0.2331293E-09
             FORWARD       0.3160000                       1                   1                 489       0.2352058E-09
             FORWARD       0.3160000                       1                   1                 490       0.2320503E-09
             FORWARD       0.3160000                       1                   1                 491       0.2309872E-09
             FORWARD       0.3160000                       1                   1                 492       0.2170585E-09
             FORWARD       0.3160000                       1                   1                 493       0.2162185E-09
             FORWARD       0.3160000                       1                   1                 494       0.2159165E-09
             FORWARD       0.3160000                       1                   1                 495       0.2071520E-09
             FORWARD       0.3160000                       1                   1                 496       0.2117043E-09
             FORWARD       0.3160000                       1                   1                 497       0.2111802E-09
             FORWARD       0.3160000                       1                   1                 498       0.2106371E-09
             FORWARD       0.3160000                       1                   1                 499       0.2097138E-09
             FORWARD       0.3160000                       1                   1                 500       0.2021364E-09
             FORWARD       0.3160000                       1                   1                 501       0.1984978E-09
             FORWARD       0.3160000                       1                   1                 502       0.1982421E-09
             FORWARD       0.3160000                       1                   1                 503       0.1932514E-09
             FORWARD       0.3160000                       1                   1                 504       0.1809984E-09
             FORWARD       0.3160000                       1                   1                 505       0.1780076E-09
             FORWARD       0.3160000                       1                   1                 506       0.1778774E-09
             FORWARD       0.3160000                       1                   1                 507       0.1765511E-09
             FORWARD       0.3160000                       1                   1                 508       0.1760377E-09
             FORWARD       0.3160000                       1                   1                 509       0.1716767E-09
             FORWARD       0.3160000                       1                   1                 510       0.1491162E-09
             FORWARD       0.3160000                       1                   1                 511       0.1212060E-09
             FORWARD       0.3160000                       1                   1                 512       0.1203424E-09
             FORWARD       0.3160000                       1                   1                 513       0.1206470E-09
             FORWARD       0.3160000                       1                   1                 514       0.1138936E-09
             FORWARD       0.3160000                       1                   1                 515       0.1108468E-09
             FORWARD       0.3160000                       1                   1                 516       0.9953056E-10
