           #Job_Name              Period        Period_Index  Polarization_Index Number_of_Iteration            Residual
             FORWARD        1.000000                       1                   1                   1       0.4614166    
             FORWARD        1.000000                       1                   1                   2       0.2347793    
             FORWARD        1.000000                       1                   1                   3       0.1330672    
             FORWARD        1.000000                       1                   1                   4       0.8272139E-01
             FORWARD        1.000000                       1                   1                   5       0.8982901E-01
             FORWARD        1.000000                       1                   1                   6       0.8309076E-01
             FORWARD        1.000000                       1                   1                   7       0.6426455E-01
             FORWARD        1.000000                       1                   1                   8       0.6340658E-01
             FORWARD        1.000000                       1                   1                   9       0.5254034E-01
             FORWARD        1.000000                       1                   1                  10       0.4224292E-01
             FORWARD        1.000000                       1                   1                  11       0.3694261E-01
             FORWARD        1.000000                       1                   1                  12       0.3828033E-01
             FORWARD        1.000000                       1                   1                  13       0.3551747E-01
             FORWARD        1.000000                       1                   1                  14       0.3736314E-01
             FORWARD        1.000000                       1                   1                  15       0.4089535E-01
             FORWARD        1.000000                       1                   1                  16       0.4032240E-01
             FORWARD        1.000000                       1                   1                  17       0.4136337E-01
             FORWARD        1.000000                       1                   1                  18       0.4319858E-01
             FORWARD        1.000000                       1                   1                  19       0.4427968E-01
             FORWARD        1.000000                       1                   1                  20       0.4325692E-01
             FORWARD        1.000000                       1                   1                  21       0.4176881E-01
             FORWARD        1.000000                       1                   1                  22       0.4271699E-01
             FORWARD        1.000000                       1                   1                  23       0.3746275E-01
             FORWARD        1.000000                       1                   1                  24       0.3674055E-01
             FORWARD        1.000000                       1                   1                  25       0.3648090E-01
             FORWARD        1.000000                       1                   1                  26       0.3872829E-01
             FORWARD        1.000000                       1                   1                  27       0.3904206E-01
             FORWARD        1.000000                       1                   1                  28       0.3867831E-01
             FORWARD        1.000000                       1                   1                  29       0.2969803E-01
             FORWARD        1.000000                       1                   1                  30       0.2536691E-01
             FORWARD        1.000000                       1                   1                  31       0.2615075E-01
             FORWARD        1.000000                       1                   1                  32       0.2747798E-01
             FORWARD        1.000000                       1                   1                  33       0.2937787E-01
             FORWARD        1.000000                       1                   1                  34       0.2869863E-01
             FORWARD        1.000000                       1                   1                  35       0.2581835E-01
             FORWARD        1.000000                       1                   1                  36       0.2057622E-01
             FORWARD        1.000000                       1                   1                  37       0.1866914E-01
             FORWARD        1.000000                       1                   1                  38       0.1846145E-01
             FORWARD        1.000000                       1                   1                  39       0.1799264E-01
             FORWARD        1.000000                       1                   1                  40       0.1862824E-01
             FORWARD        1.000000                       1                   1                  41       0.1880838E-01
             FORWARD        1.000000                       1                   1                  42       0.1225601E-01
             FORWARD        1.000000                       1                   1                  43       0.1057960E-01
             FORWARD        1.000000                       1                   1                  44       0.1051936E-01
             FORWARD        1.000000                       1                   1                  45       0.9729782E-02
             FORWARD        1.000000                       1                   1                  46       0.8807103E-02
             FORWARD        1.000000                       1                   1                  47       0.8603496E-02
             FORWARD        1.000000                       1                   1                  48       0.9093167E-02
             FORWARD        1.000000                       1                   1                  49       0.9486921E-02
             FORWARD        1.000000                       1                   1                  50       0.9049707E-02
             FORWARD        1.000000                       1                   1                  51       0.8824537E-02
             FORWARD        1.000000                       1                   1                  52       0.9048635E-02
             FORWARD        1.000000                       1                   1                  53       0.7938507E-02
             FORWARD        1.000000                       1                   1                  54       0.7661849E-02
             FORWARD        1.000000                       1                   1                  55       0.7513792E-02
             FORWARD        1.000000                       1                   1                  56       0.7404810E-02
             FORWARD        1.000000                       1                   1                  57       0.7323918E-02
             FORWARD        1.000000                       1                   1                  58       0.6649949E-02
             FORWARD        1.000000                       1                   1                  59       0.6707159E-02
             FORWARD        1.000000                       1                   1                  60       0.6454832E-02
             FORWARD        1.000000                       1                   1                  61       0.6025443E-02
             FORWARD        1.000000                       1                   1                  62       0.5924638E-02
             FORWARD        1.000000                       1                   1                  63       0.5769227E-02
             FORWARD        1.000000                       1                   1                  64       0.5797086E-02
             FORWARD        1.000000                       1                   1                  65       0.5776797E-02
             FORWARD        1.000000                       1                   1                  66       0.5910457E-02
             FORWARD        1.000000                       1                   1                  67       0.5919716E-02
             FORWARD        1.000000                       1                   1                  68       0.6087988E-02
             FORWARD        1.000000                       1                   1                  69       0.6272878E-02
             FORWARD        1.000000                       1                   1                  70       0.6376732E-02
             FORWARD        1.000000                       1                   1                  71       0.6296966E-02
             FORWARD        1.000000                       1                   1                  72       0.5963391E-02
             FORWARD        1.000000                       1                   1                  73       0.5541890E-02
             FORWARD        1.000000                       1                   1                  74       0.5186460E-02
             FORWARD        1.000000                       1                   1                  75       0.5059781E-02
             FORWARD        1.000000                       1                   1                  76       0.5043944E-02
             FORWARD        1.000000                       1                   1                  77       0.4945823E-02
             FORWARD        1.000000                       1                   1                  78       0.4687103E-02
             FORWARD        1.000000                       1                   1                  79       0.4599572E-02
             FORWARD        1.000000                       1                   1                  80       0.4234310E-02
             FORWARD        1.000000                       1                   1                  81       0.4286083E-02
             FORWARD        1.000000                       1                   1                  82       0.3192876E-02
             FORWARD        1.000000                       1                   1                  83       0.2791243E-02
             FORWARD        1.000000                       1                   1                  84       0.2771457E-02
             FORWARD        1.000000                       1                   1                  85       0.2795201E-02
             FORWARD        1.000000                       1                   1                  86       0.2779286E-02
             FORWARD        1.000000                       1                   1                  87       0.2770519E-02
             FORWARD        1.000000                       1                   1                  88       0.2572201E-02
             FORWARD        1.000000                       1                   1                  89       0.2569294E-02
             FORWARD        1.000000                       1                   1                  90       0.2481837E-02
             FORWARD        1.000000                       1                   1                  91       0.2426647E-02
             FORWARD        1.000000                       1                   1                  92       0.2434512E-02
             FORWARD        1.000000                       1                   1                  93       0.2413935E-02
             FORWARD        1.000000                       1                   1                  94       0.2394219E-02
             FORWARD        1.000000                       1                   1                  95       0.2373976E-02
             FORWARD        1.000000                       1                   1                  96       0.2342828E-02
             FORWARD        1.000000                       1                   1                  97       0.2301712E-02
             FORWARD        1.000000                       1                   1                  98       0.2263814E-02
             FORWARD        1.000000                       1                   1                  99       0.2219252E-02
             FORWARD        1.000000                       1                   1                 100       0.1994211E-02
             FORWARD        1.000000                       1                   1                 101       0.1899031E-02
             FORWARD        1.000000                       1                   1                 102       0.1774130E-02
             FORWARD        1.000000                       1                   1                 103       0.1597402E-02
             FORWARD        1.000000                       1                   1                 104       0.1492029E-02
             FORWARD        1.000000                       1                   1                 105       0.1415666E-02
             FORWARD        1.000000                       1                   1                 106       0.1428786E-02
             FORWARD        1.000000                       1                   1                 107       0.1406276E-02
             FORWARD        1.000000                       1                   1                 108       0.1383197E-02
             FORWARD        1.000000                       1                   1                 109       0.1367663E-02
             FORWARD        1.000000                       1                   1                 110       0.1361817E-02
             FORWARD        1.000000                       1                   1                 111       0.1342651E-02
             FORWARD        1.000000                       1                   1                 112       0.1326993E-02
             FORWARD        1.000000                       1                   1                 113       0.1320017E-02
             FORWARD        1.000000                       1                   1                 114       0.1286484E-02
             FORWARD        1.000000                       1                   1                 115       0.1225022E-02
             FORWARD        1.000000                       1                   1                 116       0.1180189E-02
             FORWARD        1.000000                       1                   1                 117       0.1183139E-02
             FORWARD        1.000000                       1                   1                 118       0.1172236E-02
             FORWARD        1.000000                       1                   1                 119       0.1182064E-02
             FORWARD        1.000000                       1                   1                 120       0.1068399E-02
             FORWARD        1.000000                       1                   1                 121       0.1127531E-02
             FORWARD        1.000000                       1                   1                 122       0.9451867E-03
             FORWARD        1.000000                       1                   1                 123       0.8572505E-03
             FORWARD        1.000000                       1                   1                 124       0.8374417E-03
             FORWARD        1.000000                       1                   1                 125       0.8183723E-03
             FORWARD        1.000000                       1                   1                 126       0.7900557E-03
             FORWARD        1.000000                       1                   1                 127       0.7828510E-03
             FORWARD        1.000000                       1                   1                 128       0.7758445E-03
             FORWARD        1.000000                       1                   1                 129       0.7750854E-03
             FORWARD        1.000000                       1                   1                 130       0.7500723E-03
             FORWARD        1.000000                       1                   1                 131       0.7355247E-03
             FORWARD        1.000000                       1                   1                 132       0.7177253E-03
             FORWARD        1.000000                       1                   1                 133       0.7015366E-03
             FORWARD        1.000000                       1                   1                 134       0.6962564E-03
             FORWARD        1.000000                       1                   1                 135       0.6962850E-03
             FORWARD        1.000000                       1                   1                 136       0.6750718E-03
             FORWARD        1.000000                       1                   1                 137       0.6628129E-03
             FORWARD        1.000000                       1                   1                 138       0.6229550E-03
             FORWARD        1.000000                       1                   1                 139       0.6094742E-03
             FORWARD        1.000000                       1                   1                 140       0.5986432E-03
             FORWARD        1.000000                       1                   1                 141       0.5723185E-03
             FORWARD        1.000000                       1                   1                 142       0.5649986E-03
             FORWARD        1.000000                       1                   1                 143       0.5459342E-03
             FORWARD        1.000000                       1                   1                 144       0.4987610E-03
             FORWARD        1.000000                       1                   1                 145       0.4418684E-03
             FORWARD        1.000000                       1                   1                 146       0.4407020E-03
             FORWARD        1.000000                       1                   1                 147       0.4286558E-03
             FORWARD        1.000000                       1                   1                 148       0.4273247E-03
             FORWARD        1.000000                       1                   1                 149       0.4018819E-03
             FORWARD        1.000000                       1                   1                 150       0.3308823E-03
             FORWARD        1.000000                       1                   1                 151       0.3281072E-03
             FORWARD        1.000000                       1                   1                 152       0.3273305E-03
             FORWARD        1.000000                       1                   1                 153       0.3285875E-03
             FORWARD        1.000000                       1                   1                 154       0.3249852E-03
             FORWARD        1.000000                       1                   1                 155       0.3204613E-03
             FORWARD        1.000000                       1                   1                 156       0.3201326E-03
             FORWARD        1.000000                       1                   1                 157       0.3130096E-03
             FORWARD        1.000000                       1                   1                 158       0.2922034E-03
             FORWARD        1.000000                       1                   1                 159       0.2897790E-03
             FORWARD        1.000000                       1                   1                 160       0.2834289E-03
             FORWARD        1.000000                       1                   1                 161       0.2881280E-03
             FORWARD        1.000000                       1                   1                 162       0.2627868E-03
             FORWARD        1.000000                       1                   1                 163       0.2532318E-03
             FORWARD        1.000000                       1                   1                 164       0.2496903E-03
             FORWARD        1.000000                       1                   1                 165       0.2491181E-03
             FORWARD        1.000000                       1                   1                 166       0.2481583E-03
             FORWARD        1.000000                       1                   1                 167       0.2481379E-03
             FORWARD        1.000000                       1                   1                 168       0.2388577E-03
             FORWARD        1.000000                       1                   1                 169       0.2363856E-03
             FORWARD        1.000000                       1                   1                 170       0.2279419E-03
             FORWARD        1.000000                       1                   1                 171       0.2238415E-03
             FORWARD        1.000000                       1                   1                 172       0.2224300E-03
             FORWARD        1.000000                       1                   1                 173       0.2178252E-03
             FORWARD        1.000000                       1                   1                 174       0.2098091E-03
             FORWARD        1.000000                       1                   1                 175       0.2075906E-03
             FORWARD        1.000000                       1                   1                 176       0.1960816E-03
             FORWARD        1.000000                       1                   1                 177       0.1841052E-03
             FORWARD        1.000000                       1                   1                 178       0.1703253E-03
             FORWARD        1.000000                       1                   1                 179       0.1602609E-03
             FORWARD        1.000000                       1                   1                 180       0.1596906E-03
             FORWARD        1.000000                       1                   1                 181       0.1463120E-03
             FORWARD        1.000000                       1                   1                 182       0.1371661E-03
             FORWARD        1.000000                       1                   1                 183       0.1293981E-03
             FORWARD        1.000000                       1                   1                 184       0.1170836E-03
             FORWARD        1.000000                       1                   1                 185       0.1160540E-03
             FORWARD        1.000000                       1                   1                 186       0.1096074E-03
             FORWARD        1.000000                       1                   1                 187       0.1077909E-03
             FORWARD        1.000000                       1                   1                 188       0.1050846E-03
             FORWARD        1.000000                       1                   1                 189       0.9859323E-04
             FORWARD        1.000000                       1                   1                 190       0.9849562E-04
             FORWARD        1.000000                       1                   1                 191       0.9546721E-04
             FORWARD        1.000000                       1                   1                 192       0.9514964E-04
             FORWARD        1.000000                       1                   1                 193       0.9470018E-04
             FORWARD        1.000000                       1                   1                 194       0.9295893E-04
             FORWARD        1.000000                       1                   1                 195       0.8421236E-04
             FORWARD        1.000000                       1                   1                 196       0.7507134E-04
             FORWARD        1.000000                       1                   1                 197       0.6761673E-04
             FORWARD        1.000000                       1                   1                 198       0.6215954E-04
             FORWARD        1.000000                       1                   1                 199       0.5903988E-04
             FORWARD        1.000000                       1                   1                 200       0.5820645E-04
             FORWARD        1.000000                       1                   1                 201       0.5696549E-04
             FORWARD        1.000000                       1                   1                 202       0.5274834E-04
             FORWARD        1.000000                       1                   1                 203       0.5062142E-04
             FORWARD        1.000000                       1                   1                 204       0.4950311E-04
             FORWARD        1.000000                       1                   1                 205       0.4905917E-04
             FORWARD        1.000000                       1                   1                 206       0.4789685E-04
             FORWARD        1.000000                       1                   1                 207       0.4648130E-04
             FORWARD        1.000000                       1                   1                 208       0.4601668E-04
             FORWARD        1.000000                       1                   1                 209       0.4506232E-04
             FORWARD        1.000000                       1                   1                 210       0.4494644E-04
             FORWARD        1.000000                       1                   1                 211       0.4401250E-04
             FORWARD        1.000000                       1                   1                 212       0.4331895E-04
             FORWARD        1.000000                       1                   1                 213       0.4209553E-04
             FORWARD        1.000000                       1                   1                 214       0.4003382E-04
             FORWARD        1.000000                       1                   1                 215       0.3990101E-04
             FORWARD        1.000000                       1                   1                 216       0.3914205E-04
             FORWARD        1.000000                       1                   1                 217       0.3887582E-04
             FORWARD        1.000000                       1                   1                 218       0.3690555E-04
             FORWARD        1.000000                       1                   1                 219       0.3490152E-04
             FORWARD        1.000000                       1                   1                 220       0.3177422E-04
             FORWARD        1.000000                       1                   1                 221       0.3079116E-04
             FORWARD        1.000000                       1                   1                 222       0.2936623E-04
             FORWARD        1.000000                       1                   1                 223       0.2657719E-04
             FORWARD        1.000000                       1                   1                 224       0.2412360E-04
             FORWARD        1.000000                       1                   1                 225       0.2411066E-04
             FORWARD        1.000000                       1                   1                 226       0.2371683E-04
             FORWARD        1.000000                       1                   1                 227       0.2359893E-04
             FORWARD        1.000000                       1                   1                 228       0.2332937E-04
             FORWARD        1.000000                       1                   1                 229       0.2174377E-04
             FORWARD        1.000000                       1                   1                 230       0.2000826E-04
             FORWARD        1.000000                       1                   1                 231       0.1951598E-04
             FORWARD        1.000000                       1                   1                 232       0.1916392E-04
             FORWARD        1.000000                       1                   1                 233       0.1771972E-04
             FORWARD        1.000000                       1                   1                 234       0.1749392E-04
             FORWARD        1.000000                       1                   1                 235       0.1697605E-04
             FORWARD        1.000000                       1                   1                 236       0.1698021E-04
             FORWARD        1.000000                       1                   1                 237       0.1689323E-04
             FORWARD        1.000000                       1                   1                 238       0.1655721E-04
             FORWARD        1.000000                       1                   1                 239       0.1602504E-04
             FORWARD        1.000000                       1                   1                 240       0.1498415E-04
             FORWARD        1.000000                       1                   1                 241       0.1493697E-04
             FORWARD        1.000000                       1                   1                 242       0.1351640E-04
             FORWARD        1.000000                       1                   1                 243       0.1307794E-04
             FORWARD        1.000000                       1                   1                 244       0.1280313E-04
             FORWARD        1.000000                       1                   1                 245       0.1269270E-04
             FORWARD        1.000000                       1                   1                 246       0.1251833E-04
             FORWARD        1.000000                       1                   1                 247       0.1207161E-04
             FORWARD        1.000000                       1                   1                 248       0.1180665E-04
             FORWARD        1.000000                       1                   1                 249       0.1157843E-04
             FORWARD        1.000000                       1                   1                 250       0.1123680E-04
             FORWARD        1.000000                       1                   1                 251       0.1095699E-04
             FORWARD        1.000000                       1                   1                 252       0.1040794E-04
             FORWARD        1.000000                       1                   1                 253       0.1009486E-04
             FORWARD        1.000000                       1                   1                 254       0.9974134E-05
             FORWARD        1.000000                       1                   1                 255       0.9846297E-05
             FORWARD        1.000000                       1                   1                 256       0.9809153E-05
             FORWARD        1.000000                       1                   1                 257       0.9614358E-05
             FORWARD        1.000000                       1                   1                 258       0.9111709E-05
             FORWARD        1.000000                       1                   1                 259       0.8516956E-05
             FORWARD        1.000000                       1                   1                 260       0.8051075E-05
             FORWARD        1.000000                       1                   1                 261       0.8032817E-05
             FORWARD        1.000000                       1                   1                 262       0.7589039E-05
             FORWARD        1.000000                       1                   1                 263       0.7298990E-05
             FORWARD        1.000000                       1                   1                 264       0.7164046E-05
             FORWARD        1.000000                       1                   1                 265       0.6397617E-05
             FORWARD        1.000000                       1                   1                 266       0.5935727E-05
             FORWARD        1.000000                       1                   1                 267       0.5901506E-05
             FORWARD        1.000000                       1                   1                 268       0.5736048E-05
             FORWARD        1.000000                       1                   1                 269       0.4774409E-05
             FORWARD        1.000000                       1                   1                 270       0.4143168E-05
             FORWARD        1.000000                       1                   1                 271       0.3824381E-05
             FORWARD        1.000000                       1                   1                 272       0.3693214E-05
             FORWARD        1.000000                       1                   1                 273       0.3659167E-05
             FORWARD        1.000000                       1                   1                 274       0.3656918E-05
             FORWARD        1.000000                       1                   1                 275       0.3658617E-05
             FORWARD        1.000000                       1                   1                 276       0.3632571E-05
             FORWARD        1.000000                       1                   1                 277       0.3611110E-05
             FORWARD        1.000000                       1                   1                 278       0.3583668E-05
             FORWARD        1.000000                       1                   1                 279       0.3581675E-05
             FORWARD        1.000000                       1                   1                 280       0.3579287E-05
             FORWARD        1.000000                       1                   1                 281       0.3571331E-05
             FORWARD        1.000000                       1                   1                 282       0.3408484E-05
             FORWARD        1.000000                       1                   1                 283       0.3334113E-05
             FORWARD        1.000000                       1                   1                 284       0.3296210E-05
             FORWARD        1.000000                       1                   1                 285       0.3272782E-05
             FORWARD        1.000000                       1                   1                 286       0.3246555E-05
             FORWARD        1.000000                       1                   1                 287       0.3219927E-05
             FORWARD        1.000000                       1                   1                 288       0.3053937E-05
             FORWARD        1.000000                       1                   1                 289       0.3048380E-05
             FORWARD        1.000000                       1                   1                 290       0.2915536E-05
             FORWARD        1.000000                       1                   1                 291       0.2898018E-05
             FORWARD        1.000000                       1                   1                 292       0.2880805E-05
             FORWARD        1.000000                       1                   1                 293       0.2828970E-05
             FORWARD        1.000000                       1                   1                 294       0.2660087E-05
             FORWARD        1.000000                       1                   1                 295       0.2593248E-05
             FORWARD        1.000000                       1                   1                 296       0.2553232E-05
             FORWARD        1.000000                       1                   1                 297       0.2440774E-05
             FORWARD        1.000000                       1                   1                 298       0.2175915E-05
             FORWARD        1.000000                       1                   1                 299       0.2040822E-05
             FORWARD        1.000000                       1                   1                 300       0.1877685E-05
             FORWARD        1.000000                       1                   1                 301       0.1831626E-05
             FORWARD        1.000000                       1                   1                 302       0.1739917E-05
             FORWARD        1.000000                       1                   1                 303       0.1610735E-05
             FORWARD        1.000000                       1                   1                 304       0.1582182E-05
             FORWARD        1.000000                       1                   1                 305       0.1554853E-05
             FORWARD        1.000000                       1                   1                 306       0.1479669E-05
             FORWARD        1.000000                       1                   1                 307       0.1460066E-05
             FORWARD        1.000000                       1                   1                 308       0.1301115E-05
             FORWARD        1.000000                       1                   1                 309       0.1266606E-05
             FORWARD        1.000000                       1                   1                 310       0.1253200E-05
             FORWARD        1.000000                       1                   1                 311       0.1237064E-05
             FORWARD        1.000000                       1                   1                 312       0.1237685E-05
             FORWARD        1.000000                       1                   1                 313       0.1206813E-05
             FORWARD        1.000000                       1                   1                 314       0.1202073E-05
             FORWARD        1.000000                       1                   1                 315       0.1194830E-05
             FORWARD        1.000000                       1                   1                 316       0.1173875E-05
             FORWARD        1.000000                       1                   1                 317       0.1166878E-05
             FORWARD        1.000000                       1                   1                 318       0.1164443E-05
             FORWARD        1.000000                       1                   1                 319       0.1159532E-05
             FORWARD        1.000000                       1                   1                 320       0.1070950E-05
             FORWARD        1.000000                       1                   1                 321       0.1076037E-05
             FORWARD        1.000000                       1                   1                 322       0.1031955E-05
             FORWARD        1.000000                       1                   1                 323       0.1009287E-05
             FORWARD        1.000000                       1                   1                 324       0.1000466E-05
             FORWARD        1.000000                       1                   1                 325       0.9940182E-06
             FORWARD        1.000000                       1                   1                 326       0.9880905E-06
             FORWARD        1.000000                       1                   1                 327       0.9798155E-06
             FORWARD        1.000000                       1                   1                 328       0.9287284E-06
             FORWARD        1.000000                       1                   1                 329       0.9284426E-06
             FORWARD        1.000000                       1                   1                 330       0.8992266E-06
             FORWARD        1.000000                       1                   1                 331       0.8839407E-06
             FORWARD        1.000000                       1                   1                 332       0.8747583E-06
             FORWARD        1.000000                       1                   1                 333       0.8631414E-06
             FORWARD        1.000000                       1                   1                 334       0.8441166E-06
             FORWARD        1.000000                       1                   1                 335       0.8278853E-06
             FORWARD        1.000000                       1                   1                 336       0.8060473E-06
             FORWARD        1.000000                       1                   1                 337       0.8019962E-06
             FORWARD        1.000000                       1                   1                 338       0.7539463E-06
             FORWARD        1.000000                       1                   1                 339       0.7303307E-06
             FORWARD        1.000000                       1                   1                 340       0.6819080E-06
             FORWARD        1.000000                       1                   1                 341       0.6001984E-06
             FORWARD        1.000000                       1                   1                 342       0.5783040E-06
             FORWARD        1.000000                       1                   1                 343       0.5256930E-06
             FORWARD        1.000000                       1                   1                 344       0.5110774E-06
             FORWARD        1.000000                       1                   1                 345       0.4647848E-06
             FORWARD        1.000000                       1                   1                 346       0.4211926E-06
             FORWARD        1.000000                       1                   1                 347       0.4089000E-06
             FORWARD        1.000000                       1                   1                 348       0.3836225E-06
             FORWARD        1.000000                       1                   1                 349       0.3788333E-06
             FORWARD        1.000000                       1                   1                 350       0.3141915E-06
             FORWARD        1.000000                       1                   1                 351       0.2588522E-06
             FORWARD        1.000000                       1                   1                 352       0.2328618E-06
             FORWARD        1.000000                       1                   1                 353       0.2324271E-06
             FORWARD        1.000000                       1                   1                 354       0.2329506E-06
             FORWARD        1.000000                       1                   1                 355       0.2338230E-06
             FORWARD        1.000000                       1                   1                 356       0.2348159E-06
             FORWARD        1.000000                       1                   1                 357       0.2359547E-06
             FORWARD        1.000000                       1                   1                 358       0.2367003E-06
             FORWARD        1.000000                       1                   1                 359       0.2347420E-06
             FORWARD        1.000000                       1                   1                 360       0.2264665E-06
             FORWARD        1.000000                       1                   1                 361       0.2268557E-06
             FORWARD        1.000000                       1                   1                 362       0.2101768E-06
             FORWARD        1.000000                       1                   1                 363       0.2019066E-06
             FORWARD        1.000000                       1                   1                 364       0.1997814E-06
             FORWARD        1.000000                       1                   1                 365       0.1986042E-06
             FORWARD        1.000000                       1                   1                 366       0.1953236E-06
             FORWARD        1.000000                       1                   1                 367       0.1922044E-06
             FORWARD        1.000000                       1                   1                 368       0.1875823E-06
             FORWARD        1.000000                       1                   1                 369       0.1873279E-06
             FORWARD        1.000000                       1                   1                 370       0.1802813E-06
             FORWARD        1.000000                       1                   1                 371       0.1793109E-06
             FORWARD        1.000000                       1                   1                 372       0.1736962E-06
             FORWARD        1.000000                       1                   1                 373       0.1732374E-06
             FORWARD        1.000000                       1                   1                 374       0.1725481E-06
             FORWARD        1.000000                       1                   1                 375       0.1723107E-06
             FORWARD        1.000000                       1                   1                 376       0.1719872E-06
             FORWARD        1.000000                       1                   1                 377       0.1711502E-06
             FORWARD        1.000000                       1                   1                 378       0.1699615E-06
             FORWARD        1.000000                       1                   1                 379       0.1677826E-06
             FORWARD        1.000000                       1                   1                 380       0.1629973E-06
             FORWARD        1.000000                       1                   1                 381       0.1575784E-06
             FORWARD        1.000000                       1                   1                 382       0.1568397E-06
             FORWARD        1.000000                       1                   1                 383       0.1255024E-06
             FORWARD        1.000000                       1                   1                 384       0.1122662E-06
             FORWARD        1.000000                       1                   1                 385       0.1081435E-06
             FORWARD        1.000000                       1                   1                 386       0.1065248E-06
             FORWARD        1.000000                       1                   1                 387       0.1006239E-06
             FORWARD        1.000000                       1                   1                 388       0.8826601E-07
             FORWARD        1.000000                       1                   1                 389       0.8160200E-07
             FORWARD        1.000000                       1                   1                 390       0.7406718E-07
             FORWARD        1.000000                       1                   1                 391       0.7370198E-07
             FORWARD        1.000000                       1                   1                 392       0.7407437E-07
             FORWARD        1.000000                       1                   1                 393       0.7329587E-07
             FORWARD        1.000000                       1                   1                 394       0.7305655E-07
             FORWARD        1.000000                       1                   1                 395       0.7311263E-07
             FORWARD        1.000000                       1                   1                 396       0.7273635E-07
             FORWARD        1.000000                       1                   1                 397       0.7270278E-07
             FORWARD        1.000000                       1                   1                 398       0.7240542E-07
             FORWARD        1.000000                       1                   1                 399       0.7261428E-07
             FORWARD        1.000000                       1                   1                 400       0.7195864E-07
             FORWARD        1.000000                       1                   1                 401       0.7190333E-07
             FORWARD        1.000000                       1                   1                 402       0.6564497E-07
             FORWARD        1.000000                       1                   1                 403       0.6348178E-07
             FORWARD        1.000000                       1                   1                 404       0.6227619E-07
             FORWARD        1.000000                       1                   1                 405       0.6214976E-07
             FORWARD        1.000000                       1                   1                 406       0.6198862E-07
             FORWARD        1.000000                       1                   1                 407       0.6010378E-07
             FORWARD        1.000000                       1                   1                 408       0.5873807E-07
             FORWARD        1.000000                       1                   1                 409       0.5735585E-07
             FORWARD        1.000000                       1                   1                 410       0.5458776E-07
             FORWARD        1.000000                       1                   1                 411       0.5293293E-07
             FORWARD        1.000000                       1                   1                 412       0.5252101E-07
             FORWARD        1.000000                       1                   1                 413       0.5147238E-07
             FORWARD        1.000000                       1                   1                 414       0.5084297E-07
             FORWARD        1.000000                       1                   1                 415       0.5057287E-07
             FORWARD        1.000000                       1                   1                 416       0.4945218E-07
             FORWARD        1.000000                       1                   1                 417       0.4817593E-07
             FORWARD        1.000000                       1                   1                 418       0.4703960E-07
             FORWARD        1.000000                       1                   1                 419       0.4554415E-07
             FORWARD        1.000000                       1                   1                 420       0.4303053E-07
             FORWARD        1.000000                       1                   1                 421       0.3604498E-07
             FORWARD        1.000000                       1                   1                 422       0.2979219E-07
             FORWARD        1.000000                       1                   1                 423       0.2780864E-07
             FORWARD        1.000000                       1                   1                 424       0.2770064E-07
             FORWARD        1.000000                       1                   1                 425       0.2658638E-07
             FORWARD        1.000000                       1                   1                 426       0.2648791E-07
             FORWARD        1.000000                       1                   1                 427       0.2631800E-07
             FORWARD        1.000000                       1                   1                 428       0.2627907E-07
             FORWARD        1.000000                       1                   1                 429       0.2460685E-07
             FORWARD        1.000000                       1                   1                 430       0.2260406E-07
             FORWARD        1.000000                       1                   1                 431       0.2045949E-07
             FORWARD        1.000000                       1                   1                 432       0.1938013E-07
             FORWARD        1.000000                       1                   1                 433       0.1931406E-07
             FORWARD        1.000000                       1                   1                 434       0.1931419E-07
             FORWARD        1.000000                       1                   1                 435       0.1932953E-07
             FORWARD        1.000000                       1                   1                 436       0.1931470E-07
             FORWARD        1.000000                       1                   1                 437       0.1926531E-07
             FORWARD        1.000000                       1                   1                 438       0.1872772E-07
             FORWARD        1.000000                       1                   1                 439       0.1844440E-07
             FORWARD        1.000000                       1                   1                 440       0.1814198E-07
             FORWARD        1.000000                       1                   1                 441       0.1818070E-07
             FORWARD        1.000000                       1                   1                 442       0.1760155E-07
             FORWARD        1.000000                       1                   1                 443       0.1725534E-07
             FORWARD        1.000000                       1                   1                 444       0.1710173E-07
             FORWARD        1.000000                       1                   1                 445       0.1707697E-07
             FORWARD        1.000000                       1                   1                 446       0.1689252E-07
             FORWARD        1.000000                       1                   1                 447       0.1641728E-07
             FORWARD        1.000000                       1                   1                 448       0.1614823E-07
             FORWARD        1.000000                       1                   1                 449       0.1540721E-07
             FORWARD        1.000000                       1                   1                 450       0.1524138E-07
             FORWARD        1.000000                       1                   1                 451       0.1444337E-07
             FORWARD        1.000000                       1                   1                 452       0.1436041E-07
             FORWARD        1.000000                       1                   1                 453       0.1432509E-07
             FORWARD        1.000000                       1                   1                 454       0.1430618E-07
             FORWARD        1.000000                       1                   1                 455       0.1423071E-07
             FORWARD        1.000000                       1                   1                 456       0.1415639E-07
             FORWARD        1.000000                       1                   1                 457       0.1405703E-07
             FORWARD        1.000000                       1                   1                 458       0.1396567E-07
             FORWARD        1.000000                       1                   1                 459       0.1359951E-07
             FORWARD        1.000000                       1                   1                 460       0.1208397E-07
             FORWARD        1.000000                       1                   1                 461       0.9527022E-08
             FORWARD        1.000000                       1                   1                 462       0.7660869E-08
             FORWARD        1.000000                       1                   1                 463       0.6936872E-08
             FORWARD        1.000000                       1                   1                 464       0.6800737E-08
             FORWARD        1.000000                       1                   1                 465       0.6665454E-08
             FORWARD        1.000000                       1                   1                 466       0.6630006E-08
             FORWARD        1.000000                       1                   1                 467       0.6593267E-08
             FORWARD        1.000000                       1                   1                 468       0.6394948E-08
             FORWARD        1.000000                       1                   1                 469       0.6157068E-08
             FORWARD        1.000000                       1                   1                 470       0.5887515E-08
             FORWARD        1.000000                       1                   1                 471       0.5822583E-08
             FORWARD        1.000000                       1                   1                 472       0.5791407E-08
             FORWARD        1.000000                       1                   1                 473       0.5771102E-08
             FORWARD        1.000000                       1                   1                 474       0.5770536E-08
             FORWARD        1.000000                       1                   1                 475       0.5750784E-08
             FORWARD        1.000000                       1                   1                 476       0.5711746E-08
             FORWARD        1.000000                       1                   1                 477       0.5592365E-08
             FORWARD        1.000000                       1                   1                 478       0.5552367E-08
             FORWARD        1.000000                       1                   1                 479       0.5354772E-08
             FORWARD        1.000000                       1                   1                 480       0.5088301E-08
             FORWARD        1.000000                       1                   1                 481       0.5106356E-08
             FORWARD        1.000000                       1                   1                 482       0.4944123E-08
             FORWARD        1.000000                       1                   1                 483       0.4824661E-08
             FORWARD        1.000000                       1                   1                 484       0.4773152E-08
             FORWARD        1.000000                       1                   1                 485       0.4741798E-08
             FORWARD        1.000000                       1                   1                 486       0.4689662E-08
             FORWARD        1.000000                       1                   1                 487       0.4545023E-08
             FORWARD        1.000000                       1                   1                 488       0.4341356E-08
             FORWARD        1.000000                       1                   1                 489       0.4269470E-08
             FORWARD        1.000000                       1                   1                 490       0.4214834E-08
             FORWARD        1.000000                       1                   1                 491       0.4050873E-08
             FORWARD        1.000000                       1                   1                 492       0.3952567E-08
             FORWARD        1.000000                       1                   1                 493       0.3893045E-08
             FORWARD        1.000000                       1                   1                 494       0.3890383E-08
             FORWARD        1.000000                       1                   1                 495       0.3867953E-08
             FORWARD        1.000000                       1                   1                 496       0.3841756E-08
             FORWARD        1.000000                       1                   1                 497       0.3754614E-08
             FORWARD        1.000000                       1                   1                 498       0.3711836E-08
             FORWARD        1.000000                       1                   1                 499       0.3194579E-08
             FORWARD        1.000000                       1                   1                 500       0.3141974E-08
             FORWARD        1.000000                       1                   1                 501       0.2830045E-08
             FORWARD        1.000000                       1                   1                 502       0.2588935E-08
             FORWARD        1.000000                       1                   1                 503       0.2401047E-08
             FORWARD        1.000000                       1                   1                 504       0.2302160E-08
             FORWARD        1.000000                       1                   1                 505       0.2293215E-08
             FORWARD        1.000000                       1                   1                 506       0.2091463E-08
             FORWARD        1.000000                       1                   1                 507       0.2073240E-08
             FORWARD        1.000000                       1                   1                 508       0.1985024E-08
             FORWARD        1.000000                       1                   1                 509       0.1710566E-08
             FORWARD        1.000000                       1                   1                 510       0.1705463E-08
             FORWARD        1.000000                       1                   1                 511       0.1695689E-08
             FORWARD        1.000000                       1                   1                 512       0.1689141E-08
             FORWARD        1.000000                       1                   1                 513       0.1691064E-08
             FORWARD        1.000000                       1                   1                 514       0.1689512E-08
             FORWARD        1.000000                       1                   1                 515       0.1665753E-08
             FORWARD        1.000000                       1                   1                 516       0.1632848E-08
             FORWARD        1.000000                       1                   1                 517       0.1622266E-08
             FORWARD        1.000000                       1                   1                 518       0.1616780E-08
             FORWARD        1.000000                       1                   1                 519       0.1577695E-08
             FORWARD        1.000000                       1                   1                 520       0.1509050E-08
             FORWARD        1.000000                       1                   1                 521       0.1516684E-08
             FORWARD        1.000000                       1                   1                 522       0.1460575E-08
             FORWARD        1.000000                       1                   1                 523       0.1425310E-08
             FORWARD        1.000000                       1                   1                 524       0.1403887E-08
             FORWARD        1.000000                       1                   1                 525       0.1394940E-08
             FORWARD        1.000000                       1                   1                 526       0.1383810E-08
             FORWARD        1.000000                       1                   1                 527       0.1343746E-08
             FORWARD        1.000000                       1                   1                 528       0.1270472E-08
             FORWARD        1.000000                       1                   1                 529       0.1256146E-08
             FORWARD        1.000000                       1                   1                 530       0.1221054E-08
             FORWARD        1.000000                       1                   1                 531       0.1174919E-08
             FORWARD        1.000000                       1                   1                 532       0.1149997E-08
             FORWARD        1.000000                       1                   1                 533       0.1110332E-08
             FORWARD        1.000000                       1                   1                 534       0.1075061E-08
             FORWARD        1.000000                       1                   1                 535       0.1073940E-08
             FORWARD        1.000000                       1                   1                 536       0.1072354E-08
             FORWARD        1.000000                       1                   1                 537       0.1064058E-08
             FORWARD        1.000000                       1                   1                 538       0.1040202E-08
             FORWARD        1.000000                       1                   1                 539       0.9115655E-09
             FORWARD        1.000000                       1                   1                 540       0.8887624E-09
             FORWARD        1.000000                       1                   1                 541       0.8709513E-09
             FORWARD        1.000000                       1                   1                 542       0.8223922E-09
             FORWARD        1.000000                       1                   1                 543       0.7862881E-09
             FORWARD        1.000000                       1                   1                 544       0.7643757E-09
             FORWARD        1.000000                       1                   1                 545       0.7240965E-09
             FORWARD        1.000000                       1                   1                 546       0.7205364E-09
             FORWARD        1.000000                       1                   1                 547       0.7183718E-09
             FORWARD        1.000000                       1                   1                 548       0.7176166E-09
             FORWARD        1.000000                       1                   1                 549       0.7106864E-09
             FORWARD        1.000000                       1                   1                 550       0.7095068E-09
             FORWARD        1.000000                       1                   1                 551       0.7085246E-09
             FORWARD        1.000000                       1                   1                 552       0.7077446E-09
             FORWARD        1.000000                       1                   1                 553       0.7059198E-09
             FORWARD        1.000000                       1                   1                 554       0.7057020E-09
             FORWARD        1.000000                       1                   1                 555       0.7135247E-09
             FORWARD        1.000000                       1                   1                 556       0.7248999E-09
             FORWARD        1.000000                       1                   1                 557       0.7255849E-09
             FORWARD        1.000000                       1                   1                 558       0.7261780E-09
             FORWARD        1.000000                       1                   1                 559       0.7279556E-09
             FORWARD        1.000000                       1                   1                 560       0.7281963E-09
             FORWARD        1.000000                       1                   1                 561       0.7303330E-09
             FORWARD        1.000000                       1                   1                 562       0.7151815E-09
             FORWARD        1.000000                       1                   1                 563       0.7022855E-09
             FORWARD        1.000000                       1                   1                 564       0.6912080E-09
             FORWARD        1.000000                       1                   1                 565       0.6858616E-09
             FORWARD        1.000000                       1                   1                 566       0.6773644E-09
             FORWARD        1.000000                       1                   1                 567       0.6483126E-09
             FORWARD        1.000000                       1                   1                 568       0.6483142E-09
             FORWARD        1.000000                       1                   1                 569       0.6203765E-09
             FORWARD        1.000000                       1                   1                 570       0.5873616E-09
             FORWARD        1.000000                       1                   1                 571       0.5636581E-09
             FORWARD        1.000000                       1                   1                 572       0.5559269E-09
             FORWARD        1.000000                       1                   1                 573       0.5491280E-09
             FORWARD        1.000000                       1                   1                 574       0.5448303E-09
             FORWARD        1.000000                       1                   1                 575       0.5436983E-09
             FORWARD        1.000000                       1                   1                 576       0.5426551E-09
             FORWARD        1.000000                       1                   1                 577       0.5355243E-09
             FORWARD        1.000000                       1                   1                 578       0.5344922E-09
             FORWARD        1.000000                       1                   1                 579       0.5366228E-09
             FORWARD        1.000000                       1                   1                 580       0.5374199E-09
             FORWARD        1.000000                       1                   1                 581       0.5343794E-09
             FORWARD        1.000000                       1                   1                 582       0.5331047E-09
             FORWARD        1.000000                       1                   1                 583       0.5323327E-09
             FORWARD        1.000000                       1                   1                 584       0.5316523E-09
             FORWARD        1.000000                       1                   1                 585       0.5306977E-09
             FORWARD        1.000000                       1                   1                 586       0.5308459E-09
             FORWARD        1.000000                       1                   1                 587       0.5310691E-09
             FORWARD        1.000000                       1                   1                 588       0.5322021E-09
             FORWARD        1.000000                       1                   1                 589       0.5325459E-09
             FORWARD        1.000000                       1                   1                 590       0.5356414E-09
             FORWARD        1.000000                       1                   1                 591       0.5370850E-09
             FORWARD        1.000000                       1                   1                 592       0.5364806E-09
             FORWARD        1.000000                       1                   1                 593       0.5343515E-09
             FORWARD        1.000000                       1                   1                 594       0.5324830E-09
             FORWARD        1.000000                       1                   1                 595       0.5286437E-09
             FORWARD        1.000000                       1                   1                 596       0.5219962E-09
             FORWARD        1.000000                       1                   1                 597       0.5145088E-09
             FORWARD        1.000000                       1                   1                 598       0.5104347E-09
             FORWARD        1.000000                       1                   1                 599       0.5080330E-09
             FORWARD        1.000000                       1                   1                 600       0.5038709E-09
             FORWARD        1.000000                       1                   1                 601       0.5066672E-09
             FORWARD        1.000000                       1                   1                 602       0.4975787E-09
             FORWARD        1.000000                       1                   1                 603       0.4847447E-09
             FORWARD        1.000000                       1                   1                 604       0.4722385E-09
             FORWARD        1.000000                       1                   1                 605       0.4646561E-09
             FORWARD        1.000000                       1                   1                 606       0.4552697E-09
             FORWARD        1.000000                       1                   1                 607       0.4445806E-09
             FORWARD        1.000000                       1                   1                 608       0.4420104E-09
             FORWARD        1.000000                       1                   1                 609       0.4381975E-09
             FORWARD        1.000000                       1                   1                 610       0.4313323E-09
             FORWARD        1.000000                       1                   1                 611       0.4342377E-09
             FORWARD        1.000000                       1                   1                 612       0.4247477E-09
             FORWARD        1.000000                       1                   1                 613       0.4218222E-09
             FORWARD        1.000000                       1                   1                 614       0.4185842E-09
             FORWARD        1.000000                       1                   1                 615       0.4157238E-09
             FORWARD        1.000000                       1                   1                 616       0.4141227E-09
             FORWARD        1.000000                       1                   1                 617       0.4120845E-09
             FORWARD        1.000000                       1                   1                 618       0.4053265E-09
             FORWARD        1.000000                       1                   1                 619       0.4060921E-09
             FORWARD        1.000000                       1                   1                 620       0.4130931E-09
             FORWARD        1.000000                       1                   1                 621       0.4155710E-09
             FORWARD        1.000000                       1                   1                 622       0.4162098E-09
             FORWARD        1.000000                       1                   1                 623       0.4248290E-09
             FORWARD        1.000000                       1                   1                 624       0.4278538E-09
             FORWARD        1.000000                       1                   1                 625       0.4308275E-09
             FORWARD        1.000000                       1                   1                 626       0.4312947E-09
             FORWARD        1.000000                       1                   1                 627       0.4320382E-09
             FORWARD        1.000000                       1                   1                 628       0.4348005E-09
             FORWARD        1.000000                       1                   1                 629       0.4354192E-09
             FORWARD        1.000000                       1                   1                 630       0.4352831E-09
             FORWARD        1.000000                       1                   1                 631       0.4351163E-09
             FORWARD        1.000000                       1                   1                 632       0.4355799E-09
             FORWARD        1.000000                       1                   1                 633       0.4375116E-09
             FORWARD        1.000000                       1                   1                 634       0.4387209E-09
             FORWARD        1.000000                       1                   1                 635       0.4395966E-09
             FORWARD        1.000000                       1                   1                 636       0.4398272E-09
             FORWARD        1.000000                       1                   1                 637       0.4389570E-09
             FORWARD        1.000000                       1                   1                 638       0.4373239E-09
             FORWARD        1.000000                       1                   1                 639       0.4353563E-09
             FORWARD        1.000000                       1                   1                 640       0.4320371E-09
             FORWARD        1.000000                       1                   1                 641       0.4376688E-09
             FORWARD        1.000000                       1                   1                 642       0.4284263E-09
             FORWARD        1.000000                       1                   1                 643       0.4163824E-09
             FORWARD        1.000000                       1                   1                 644       0.4081602E-09
             FORWARD        1.000000                       1                   1                 645       0.4032481E-09
             FORWARD        1.000000                       1                   1                 646       0.3981733E-09
             FORWARD        1.000000                       1                   1                 647       0.3957360E-09
             FORWARD        1.000000                       1                   1                 648       0.3860797E-09
             FORWARD        1.000000                       1                   1                 649       0.3841309E-09
             FORWARD        1.000000                       1                   1                 650       0.3836639E-09
             FORWARD        1.000000                       1                   1                 651       0.3815199E-09
             FORWARD        1.000000                       1                   1                 652       0.3789810E-09
             FORWARD        1.000000                       1                   1                 653       0.3690323E-09
             FORWARD        1.000000                       1                   1                 654       0.3649391E-09
             FORWARD        1.000000                       1                   1                 655       0.3652214E-09
             FORWARD        1.000000                       1                   1                 656       0.3626131E-09
             FORWARD        1.000000                       1                   1                 657       0.3559634E-09
             FORWARD        1.000000                       1                   1                 658       0.3560441E-09
             FORWARD        1.000000                       1                   1                 659       0.3495201E-09
             FORWARD        1.000000                       1                   1                 660       0.3503010E-09
             FORWARD        1.000000                       1                   1                 661       0.3456790E-09
             FORWARD        1.000000                       1                   1                 662       0.3499164E-09
             FORWARD        1.000000                       1                   1                 663       0.3477171E-09
             FORWARD        1.000000                       1                   1                 664       0.3508608E-09
             FORWARD        1.000000                       1                   1                 665       0.3602364E-09
             FORWARD        1.000000                       1                   1                 666       0.3605251E-09
             FORWARD        1.000000                       1                   1                 667       0.3617709E-09
             FORWARD        1.000000                       1                   1                 668       0.3645365E-09
             FORWARD        1.000000                       1                   1                 669       0.3654425E-09
             FORWARD        1.000000                       1                   1                 670       0.3726827E-09
             FORWARD        1.000000                       1                   1                 671       0.3759046E-09
             FORWARD        1.000000                       1                   1                 672       0.3788388E-09
             FORWARD        1.000000                       1                   1                 673       0.3811679E-09
             FORWARD        1.000000                       1                   1                 674       0.3821853E-09
             FORWARD        1.000000                       1                   1                 675       0.3830668E-09
             FORWARD        1.000000                       1                   1                 676       0.3823389E-09
             FORWARD        1.000000                       1                   1                 677       0.3813680E-09
             FORWARD        1.000000                       1                   1                 678       0.3807607E-09
             FORWARD        1.000000                       1                   1                 679       0.3809155E-09
             FORWARD        1.000000                       1                   1                 680       0.3811014E-09
             FORWARD        1.000000                       1                   1                 681       0.3866596E-09
             FORWARD        1.000000                       1                   1                 682       0.3825660E-09
             FORWARD        1.000000                       1                   1                 683       0.3701772E-09
             FORWARD        1.000000                       1                   1                 684       0.3644463E-09
             FORWARD        1.000000                       1                   1                 685       0.3601497E-09
             FORWARD        1.000000                       1                   1                 686       0.3560713E-09
             FORWARD        1.000000                       1                   1                 687       0.3547969E-09
             FORWARD        1.000000                       1                   1                 688       0.3566628E-09
             FORWARD        1.000000                       1                   1                 689       0.3501882E-09
             FORWARD        1.000000                       1                   1                 690       0.3513244E-09
             FORWARD        1.000000                       1                   1                 691       0.3572677E-09
             FORWARD        1.000000                       1                   1                 692       0.3546333E-09
             FORWARD        1.000000                       1                   1                 693       0.3526352E-09
             FORWARD        1.000000                       1                   1                 694       0.3549347E-09
             FORWARD        1.000000                       1                   1                 695       0.3554777E-09
             FORWARD        1.000000                       1                   1                 696       0.3531997E-09
             FORWARD        1.000000                       1                   1                 697       0.3499474E-09
             FORWARD        1.000000                       1                   1                 698       0.3487841E-09
             FORWARD        1.000000                       1                   1                 699       0.3462665E-09
             FORWARD        1.000000                       1                   1                 700       0.3428284E-09
             FORWARD        1.000000                       1                   1                 701       0.3336275E-09
             FORWARD        1.000000                       1                   1                 702       0.3261763E-09
             FORWARD        1.000000                       1                   1                 703       0.3216921E-09
             FORWARD        1.000000                       1                   1                 704       0.3222758E-09
             FORWARD        1.000000                       1                   1                 705       0.3317117E-09
             FORWARD        1.000000                       1                   1                 706       0.3328337E-09
             FORWARD        1.000000                       1                   1                 707       0.3327908E-09
             FORWARD        1.000000                       1                   1                 708       0.3334266E-09
             FORWARD        1.000000                       1                   1                 709       0.3383560E-09
             FORWARD        1.000000                       1                   1                 710       0.3393681E-09
             FORWARD        1.000000                       1                   1                 711       0.3417450E-09
             FORWARD        1.000000                       1                   1                 712       0.3420449E-09
             FORWARD        1.000000                       1                   1                 713       0.3404610E-09
             FORWARD        1.000000                       1                   1                 714       0.3384266E-09
             FORWARD        1.000000                       1                   1                 715       0.3383392E-09
             FORWARD        1.000000                       1                   1                 716       0.3373447E-09
             FORWARD        1.000000                       1                   1                 717       0.3368750E-09
             FORWARD        1.000000                       1                   1                 718       0.3337923E-09
             FORWARD        1.000000                       1                   1                 719       0.3286784E-09
             FORWARD        1.000000                       1                   1                 720       0.3285175E-09
             FORWARD        1.000000                       1                   1                 721       0.3355654E-09
             FORWARD        1.000000                       1                   1                 722       0.3329698E-09
             FORWARD        1.000000                       1                   1                 723       0.3214455E-09
             FORWARD        1.000000                       1                   1                 724       0.3137105E-09
             FORWARD        1.000000                       1                   1                 725       0.3111661E-09
             FORWARD        1.000000                       1                   1                 726       0.3098012E-09
             FORWARD        1.000000                       1                   1                 727       0.3141144E-09
             FORWARD        1.000000                       1                   1                 728       0.3220321E-09
             FORWARD        1.000000                       1                   1                 729       0.3218108E-09
             FORWARD        1.000000                       1                   1                 730       0.3421377E-09
             FORWARD        1.000000                       1                   1                 731       0.3417669E-09
             FORWARD        1.000000                       1                   1                 732       0.3386443E-09
             FORWARD        1.000000                       1                   1                 733       0.3370496E-09
             FORWARD        1.000000                       1                   1                 734       0.3370966E-09
             FORWARD        1.000000                       1                   1                 735       0.3369033E-09
             FORWARD        1.000000                       1                   1                 736       0.3377627E-09
             FORWARD        1.000000                       1                   1                 737       0.3388918E-09
             FORWARD        1.000000                       1                   1                 738       0.3384262E-09
             FORWARD        1.000000                       1                   1                 739       0.3374694E-09
             FORWARD        1.000000                       1                   1                 740       0.3227590E-09
             FORWARD        1.000000                       1                   1                 741       0.3079694E-09
             FORWARD        1.000000                       1                   1                 742       0.3066105E-09
             FORWARD        1.000000                       1                   1                 743       0.3064475E-09
             FORWARD        1.000000                       1                   1                 744       0.3028962E-09
             FORWARD        1.000000                       1                   1                 745       0.2862946E-09
             FORWARD        1.000000                       1                   1                 746       0.2902096E-09
             FORWARD        1.000000                       1                   1                 747       0.2932282E-09
             FORWARD        1.000000                       1                   1                 748       0.2956076E-09
             FORWARD        1.000000                       1                   1                 749       0.2959364E-09
             FORWARD        1.000000                       1                   1                 750       0.2942572E-09
             FORWARD        1.000000                       1                   1                 751       0.2928942E-09
             FORWARD        1.000000                       1                   1                 752       0.2930790E-09
             FORWARD        1.000000                       1                   1                 753       0.2932136E-09
             FORWARD        1.000000                       1                   1                 754       0.2931433E-09
             FORWARD        1.000000                       1                   1                 755       0.2926533E-09
             FORWARD        1.000000                       1                   1                 756       0.2918727E-09
             FORWARD        1.000000                       1                   1                 757       0.2914736E-09
             FORWARD        1.000000                       1                   1                 758       0.2898099E-09
             FORWARD        1.000000                       1                   1                 759       0.2828575E-09
             FORWARD        1.000000                       1                   1                 760       0.2744493E-09
